-19.42
-20.64
-18.19
-16.60
-17.42
-20.14
-18.13
-16.13
-17.78
-18.41
-17.05
-16.13
-17.48
-16.44
-17.35
-16.33
-18.82
-17.01
-16.84
-16.26
-16.87
-16.60
-16.11
-16.21
-17.17
-16.94
-17.63
-16.08
-17.29
-16.43
-17.21
-16.69
-16.03
-18.89
-17.41
-19.49
-19.49
-16.41
-19.01
-17.12
-17.46
-16.44
-16.55
-16.44
-19.56
-16.34
-17.35
-17.37
-16.01
-18.38
-19.17
-16.21
-16.49
-16.88
-16.24
-16.43
-16.60
-16.58
-17.52
-17.29
-18.83
-16.11
-16.04
-16.63
-16.30
-18.79
-16.63
-16.67
-17.53
-16.88
-16.11
-19.05
-16.34
-16.67
-16.42
-16.23
-17.94
-18.73
-16.52
-16.99
-18.63
-16.58
-16.34
-18.63
-17.80
-16.49
-16.85
-16.40
-16.02
-17.58
-20.84
-18.43
-16.41
-17.15
-17.32
-16.19
-18.56
-18.95
-19.09
-16.71
-19.14
-17.10
-18.29
-17.46
-19.68
-18.01
-16.94
-16.07
-16.54
-16.64
-18.66
-16.30
-16.76
-16.88
-19.08
-16.42
-19.66
-16.82
-17.55
-16.80
-16.28
-18.64
-19.47
-18.71
-18.66
-17.88
-16.40
-16.63
-17.10
-16.87
-16.27
-17.00
-16.87
-17.01
-17.24
-17.38
-20.68
-17.36
-17.47
-16.21
-16.58
-16.14
-17.99
-16.85
-17.81
-16.08
-18.00
-16.60
-16.07
-18.88
-18.07
-18.06
-16.25
-16.53
-16.03
-19.79
-16.09
-17.98
-16.25
-18.90
-16.89
-16.21
-16.41
-16.06
-17.37
-16.27
-17.40
-17.74
-16.16
-16.66
-16.82
-16.84
-16.80
-16.14
-17.35
-17.72
-16.10
-17.79
-16.36
-16.58
-17.10
-17.63
-19.12
-16.43
-16.42
-17.35
-16.19
-16.43
-16.65
-17.29
-16.80
-18.09
-16.54
-17.82
-16.21
-16.88
-16.59
-18.02
-18.80
-16.16
-16.65
-17.01
-18.67
-16.09
-17.77
-16.43
-16.93
-17.15
-17.70
-16.76
-17.40
-16.20
-18.02
-19.33
-18.20
-16.96
-16.14
-18.33
-16.48
-17.08
-19.40
-16.10
-18.61
-16.76
-17.50
-16.25
-16.72
-17.60
-20.67
-17.03
-17.58
-16.58
-16.70
-16.10
-16.61
-16.33
-18.39
-16.39
-16.77
-16.74
-18.56
-16.60
-19.02
-16.74
-16.48
-16.69
-16.17
-17.06
-18.00
-17.07
-18.24
-19.45
-16.19
-17.31
-16.96
-19.57
-16.42
-16.63
-16.10
-16.62
-17.48
-16.27
-16.92
-19.26
-16.39
-18.51
-17.35
-17.48
-16.39
-17.10
-17.03
-18.63
-17.41
-16.92
-17.35
-16.58
-18.16
-17.70
-16.76
-20.55
-16.62
-20.29
-16.39
-17.47
-16.62
-18.27
-17.02
-16.43
-17.46
-16.19
-16.91
-17.61
-16.48
-16.37
-16.43
-16.01
-16.81
-16.72
-17.06
-16.10
-19.62
-19.01
-16.30
-20.30
-19.99
-18.45
-18.43
-17.32
-16.35
-16.37
-16.29
-16.75
-16.03
-17.59
-16.54
-16.60
-16.74
-17.10
-16.38
-17.38
-16.64
-17.79
-16.64
-16.27
-17.52
-16.78
-18.12
-16.21
-16.11
-19.30
-17.26
-16.06
-16.76
-16.59
-16.46
-17.80
-16.98
-18.43
-16.06
-16.46
-17.46
-16.92
-16.29
-17.49
-19.36
-16.29
-16.80
-16.33
-16.20
-16.02
-17.11
-17.06
-18.32
-16.68
-17.18
-17.25
-16.29
-18.11
-16.22
-18.13
-19.58
-19.45
-16.11
-17.65
-16.97
-19.24
-16.35
-17.26
-16.52
-16.64
-18.98
-16.49
-17.95
-16.42
-17.29
-16.71
-16.40
-16.42
-18.87
-19.18
-17.81
-16.16
-17.80
-16.92
-18.05
-18.47
-16.60
-18.45
-16.32
-18.29
-18.74
-16.52
-16.32
-18.95
-19.87
-18.36
-17.62
-17.10
-17.74
-16.36
-17.47
-16.07
-18.27
-16.97
-16.23
-18.56
-16.40
-16.17
-16.74
-16.34
-19.30
-19.42
-18.84
-18.38
-17.92
-16.56
-18.60
-17.27
-17.57
-16.84
-18.90
-19.12
-16.12
-17.67
-17.54
-17.00
-16.15
-16.67
-18.98
-17.60
-17.09
-16.31
-17.87
-16.85
-18.90
-16.61
-18.54
-19.32
-16.71
-17.16
-16.07
-16.22
-18.87
-17.66
-19.21
-16.59
-16.19
-17.37
-18.69
-20.55
-16.24
-16.49
-17.24
-17.12
-17.15
-19.01
-16.37
-19.29
-17.06
-16.49
-16.42
-20.87
-18.05
-17.56
-18.29
-17.04
-17.08
-16.77
-20.32
-16.73
-16.60
-16.84
-17.76
-16.13
-17.41
-17.06
-17.32
-16.79
-16.37
-17.41
-16.34
-16.03
-16.31
-16.50
-16.50
-17.71
-16.11
-16.68
-16.03
-16.07
-16.17
-18.82
-17.57
-16.30
-17.71
-16.53
-16.92
-17.38
-16.48
-18.30
-16.57
-19.21
-20.99
-16.27
-19.82
-17.59
-16.62
-17.59
-18.68
-19.38
-16.28
-16.99
-17.51
-16.37
-16.65
-16.74
-17.99
-18.20
-17.06
-16.95
-16.37
-16.14
-18.73
-19.76
-19.28
-16.56
-16.89
-19.08
-17.70
-17.19
-17.96
-16.11
-20.25
-16.83
-16.05
-17.43
-17.91
-17.53
-16.24
-16.34
-16.49
-16.32
-17.49
-16.67
-16.79
-18.35
-17.00
-20.85
-16.65
-16.39
-17.95
-17.25
-17.39
-17.59
-16.76
-16.34
-16.57
-17.66
-17.74
-17.59
-16.25
-18.05
-18.05
-17.18
-20.80
-16.02
-16.97
-16.15
-18.39
-17.21
-17.21
-18.08
-17.06
-17.49
-16.03
-16.38
-17.86
-16.72
-17.20
-16.53
-17.23
-16.42
-16.56
-18.67
-19.53
-17.01
-18.14
-17.71
-16.64
-17.92
-17.09
-16.72
-16.30
-16.59
-16.61
-16.26
-16.73
-19.25
-18.63
-20.14
-16.24
-19.97
-16.53
-16.43
-16.86
-16.87
-16.16
-16.17
-16.36
-18.20
-17.62
-20.93
-17.16
-19.29
-17.18
-17.83
-18.96
-16.67
-16.86
-16.23
-16.81
-17.50
-16.58
-16.63
-17.30
-18.62
-16.23
-17.87
-16.59
-18.43
-16.38
-17.62
-17.00
-18.20
-18.78
-16.93
-19.29
-17.05
-18.53
-17.38
-17.47
-16.49
-17.23
-18.54
-16.71
-19.51
-16.27
-16.72
-17.74
-17.34
-17.93
-16.02
-16.82
-16.89
-17.14
-17.98
-17.23
-16.25
-19.08
-18.38
-17.04
-16.23
-16.48
-19.69
-18.03
-17.52
-18.98
-16.42
-18.72
-16.66
-16.97
-16.51
-19.69
-16.01
-18.21
-18.83
-17.73
-17.25
-16.30
-17.09
-17.09
-16.75
-20.34
-16.04
-17.32
-16.21
-16.37
-16.81
-16.42
-16.05
-17.51
-16.09
-18.72
-17.52
-18.18
-16.36
-16.43
-16.55
-18.59
-16.23
-18.26
-17.30
-16.34
-16.21
-16.69
-16.78
-18.78
-17.81
-16.89
-16.11
-16.10
-16.61
-16.41
-20.53
-16.49
-20.89
-18.26
-16.21
-18.10
-19.72
-17.30
-17.80
-16.38
-16.87
-17.29
-16.87
-17.26
-17.34
-20.47
-18.54
-16.29
-16.45
-19.21
-16.39
-16.71
-19.30
-17.24
-18.21
-18.29
-16.73
-17.63
-17.78
-16.33
-16.28
-19.61
-16.09
-16.27
-17.76
-17.42
-16.07
-17.99
-21.19
-16.94
-16.69
-16.61
-20.41
-19.14
-17.57
-17.24
-17.08
-16.66
-22.03
-16.91
-19.73
-18.37
-16.10
-19.30
-18.41
-17.34
-18.55
-16.99
-17.32
-18.28
-17.45
-17.70
-18.42
-21.46
-16.04
-16.04
-17.28
-18.12
-18.52
-18.03
-20.21
-16.18
-17.20
-18.10
-17.48
-16.62
-16.73
-17.38
-16.05
-18.37
-20.20
-17.51
-16.42
-18.33
-18.12
-17.36
-17.56
-17.57
-16.70
-16.89
-17.17
-16.62
-17.75
-16.25
-17.01
-16.68
-18.35
-18.64
-17.80
-18.73
-20.12
-17.08
-16.98
-16.19
-17.05
-18.50
-18.08
-16.99
-16.44
-17.12
-18.02
-16.39
-18.40
-16.78
-18.53
-16.65
-17.07
-17.84
-17.38
-17.82
-16.78
-16.98
-16.04
-18.29
-17.75
-16.05
-16.93
-16.39
-16.68
-16.86
-18.15
-17.49
-16.36
-18.98
-16.95
-18.08
-18.44
-17.39
-16.60
-16.23
-16.20
-16.31
-16.30
-17.23
-16.03
-18.10
-16.77
-17.03
-18.35
-18.43
-16.50
-18.53
-20.55
-19.39
-16.10
-17.45
-16.59
-18.30
-16.24
-16.75
-18.05
-18.98
-17.36
-17.08
-17.96
-19.65
-16.26
-17.79
-19.22
-18.52
-16.73
-16.07
-19.32
-16.43
-16.05
-16.32
-19.43
-20.32
-16.35
-19.22
-16.36
-18.87
-17.14
-17.41
-16.11
-16.52
-17.40
-16.81
-18.56
-19.08
-20.52
-17.39
-19.21
-18.40
-16.95
-18.10
-17.41
-17.99
-16.36
-17.88
-16.19
-17.60
-17.45
-18.47
-17.60
-17.30
-17.50
-17.03
-18.97
-16.83
-17.49
-19.96
-18.67
-16.19
-20.32
-18.12
-16.57
-18.54
-18.33
-17.07
-16.71
-18.86
-16.53
-18.58
-18.11
-20.13
-19.86
-16.09
-17.91
-20.16
-18.12
-18.84
-16.49
-18.83
-16.12
-18.47
-16.05
-16.28
-20.20
-17.19
-20.01
-16.79
-17.93
-16.06
-16.73
-16.34
-17.70
-19.02
-16.67
-16.18
-18.07
-17.40
-16.32
-16.43
-16.83
-16.54
-19.06
-17.60
-17.82
-18.09
-17.30
-17.59
-16.15
-16.98
-19.06
-17.75
-16.18
-18.39
-16.63
-18.63
-16.25
-16.25
-16.14
-16.13
-16.20
-17.17
-19.36
-16.52
-16.26
-16.35
-16.30
-17.18
-16.29
-16.10
-16.67
-17.28
-16.64
-18.87
-16.83
-16.74
-16.19
-16.67
-18.79
-17.28
-17.06
-18.03
-16.06
-16.47
-17.74
-18.89
-17.67
-16.49
-16.58
-17.44
-18.57
-16.57
-19.33
-17.02
-17.77
-16.83
-18.54
-16.50
-16.06
-19.53
-16.56
-16.79
-20.73
-16.17
-16.91
-16.83
-16.06
-17.66
-17.39
-17.24
-16.03
-16.30
-16.88
-18.36
-17.36
-16.68
-16.37
-17.08
-19.29
-16.73
-16.65
-17.78
-16.86
-17.13
-18.31
-17.04
-19.23
-19.85
-16.46
-16.18
-16.93
-16.46
-18.26
-18.73
-17.60
-17.14
-16.83
-16.27
-19.04
-18.91
-18.47
-16.74
-17.69
-18.60
-19.81
-17.10
-18.09
-16.05
-17.84
-17.39
-16.82
-16.82
-20.08
-16.19
-17.53
-17.54
-16.29
-17.88
-18.24
-18.04
-17.58
-17.13
-16.80
-18.55
-17.35
-16.60
-17.12
-18.27
-17.65
-17.11
-16.67
-17.47
-17.52
-18.47
-16.10
-16.39
-16.75
-18.38
-18.68
-16.44
-16.41
-16.15
-17.10
-17.03
-16.23
-16.72
-19.27
-16.36
-16.97
-16.20
-16.37
-16.45
-16.54
-16.49
-16.77
-18.08
-16.71
-16.01
-16.70
-16.48
-17.63
-16.15
-17.08
-16.42
-16.32
-18.09
-19.65
-19.01
-17.66
-16.92
-16.10
-19.29
-16.13
-17.93
-16.72
-16.78
-17.71
-16.03
-18.21
-16.70
-16.07
-17.42
-17.34
-16.47
-16.66
-17.61
-19.50
-18.32
-17.23
-17.58
-16.59
-18.24
-16.74
-19.39
-18.64
-16.29
-18.49
-17.43
-17.26
-18.02
-18.88
-16.03
-17.22
-17.03
-16.73
-16.47
-16.28
-19.35
-17.34
-16.46
-16.95
-18.14
-16.01
-16.54
-16.51
-16.05
-16.18
-16.43
-17.40
-16.64
-17.27
-16.40
-19.37
-16.05
-16.87
-16.50
-17.12
-17.50
-18.57
-20.24
-16.02
-16.17
-18.21
-18.55
-17.71
-19.42
-16.49
-16.24
-17.96
-16.25
-16.11
-17.70
-16.02
-16.39
-16.36
-17.91
-19.21
-19.30
-16.70
-21.00
-19.11
-18.68
-17.39
-16.51
-18.44
-16.52
-18.56
-18.89
-16.16
-16.37
-17.39
-20.58
-19.24
-17.52
-16.11
-16.13
-16.70
-16.14
-17.55
-16.22
-19.56
-16.92
-16.83
-16.01
-17.13
-16.65
-18.91
-18.78
-17.84
-17.87
-16.62
-19.56
-18.45
-17.67
-18.78
-19.35
-16.40
-16.15
-16.22
-20.73
-20.93
-17.42
-16.99
-17.69
-20.90
-16.12
-17.37
-16.60
-16.44
-18.96
-20.04
-17.69
-17.72
-18.23
-17.68
-16.26
-16.36
-19.74
-17.98
-18.47
-17.76
-18.97
-17.46
-16.36
-16.42
-16.10
-18.96
-17.74
-18.19
-16.17
-18.82
-16.46
-16.01
-16.94
-16.26
-16.26
-16.64
-16.10
-16.34
-16.05
-16.38
-18.88
-17.02
-17.35
-16.40
-19.37
-17.40
-16.46
-16.44
-16.34
-16.64
-18.69
-17.67
-19.09
-16.81
-18.56
-17.10
-20.66
-18.25
-16.99
-18.02
-16.77
-17.62
-16.13
-16.22
-17.32
-16.02
-16.91
-16.05
-16.59
-17.54
-18.50
-20.19
-16.54
-17.09
-17.30
-16.23
-16.64
-16.80
-19.23
-18.27
-16.51
-16.90
-16.70
-16.19
-19.98
-16.61
-16.54
-16.60
-17.84
-18.00
-16.11
-18.33
-17.33
-17.50
-17.15
-17.27
-17.52
-18.52
-19.29
-17.29
-18.40
-16.46
-19.11
-16.63
-16.65
-17.06
-16.62
-16.04
-17.36
-17.01
-17.96
-16.59
-19.07
-17.55
-18.07
-17.64
-19.80
-16.22
-16.90
-16.63
-16.29
-18.32
-18.95
-18.14
-19.83
-17.81
-16.87
-17.16
-16.82
-16.29
-16.63
-19.56
-16.16
-16.12
-16.03
-17.61
-17.60
-20.68
-18.62
-17.97
-17.16
-16.36
-16.03
-17.45
-19.29
-17.92
-17.31
-17.64
-18.59
-16.18
-16.90
-18.46
-19.60
-16.04
-16.18
-17.84
-19.54
-17.58
-17.43
-16.78
-17.67
-16.61
-17.39
-16.65
-17.21
-16.08
-16.65
-17.11
-18.96
-19.95
-18.18
-17.19
-17.48
-16.04
-18.96
-16.27
-18.12
-17.71
-20.94
-16.68
-17.32
-18.42
-16.20
-16.55
-17.32
-16.25
-17.15
-17.63
-16.74
-17.06
-16.11
-16.43
-16.23
-18.68
-16.90
-16.09
-17.02
-17.13
-16.48
-19.03
-17.26
-19.47
-17.68
-19.01
-19.19
-18.21
-17.66
-20.51
-16.02
-18.15
-16.63
-18.68
-16.77
-18.48
-19.20
-17.53
-16.88
-16.76
-16.30
-16.27
-16.83
-16.50
-16.53
-16.65
-16.08
-17.46
-16.19
-17.38
-17.83
-18.75
-17.14
-16.68
-18.94
-16.64
-17.68
-16.05
-19.20
-17.10
-17.64
-17.94
-16.01
-16.61
-17.35
-16.57
-17.44
-16.43
-20.19
-19.49
-17.32
-17.75
-16.15
-16.87
-17.52
-16.11
-16.27
-18.99
-16.30
-16.52
-16.19
-17.31
-16.20
-17.88
-17.38
-16.39
-16.68
-17.18
-17.42
-16.60
-17.68
-20.48
-16.12
-17.95
-16.14
-17.35
-16.05
-16.34
-17.62
-18.48
-16.10
-18.42
-17.46
-16.33
-18.37
-16.49
-18.36
-16.57
-17.26
-18.18
-19.16
-16.57
-16.65
-16.00
-16.45
-16.56
-17.52
-17.62
-16.03
-16.67
-17.82
-18.54
-16.56
-16.53
-18.02
-17.20
-17.44
-20.15
-19.86
-20.60
-16.07
-19.19
-20.25
-19.27
-16.78
-16.27
-19.45
-19.03
-17.32
-17.32
-18.84
-17.99
-16.90
-17.10
-18.77
-17.64
-16.59
-16.39
-16.30
-20.34
-17.08
-17.05
-16.62
-16.51
-19.10
-17.82
-16.34
-16.85
-18.36
-17.48
-20.55
-16.65
-17.56
-18.79
-18.57
-18.98
-16.07
-17.85
-17.26
-16.57
-17.36
-17.61
-17.50
-16.30
-16.33
-16.92
-16.68
-16.07
-16.97
-19.17
-17.26
-16.75
-16.91
-17.77
-18.66
-19.41
-18.67
-16.62
-16.27
-18.21
-19.15
-18.33
-17.49
-16.01
-17.77
-16.89
-18.32
-18.01
-16.01
-16.86
-16.67
-16.34
-18.59
-17.87
-20.31
-16.59
-16.33
-16.13
-16.89
-19.02
-19.43
-18.30
-17.90
-16.37
-17.28
-16.02
-16.14
-17.20
-17.68
-16.91
-16.40
-19.72
-18.92
-17.48
-16.07
-17.53
-17.60
-18.17
-17.17
-20.49
-16.99
-18.44
-16.41
-16.12
-18.89
-21.53
-16.18
-16.74
-16.85
-16.24
-16.91
-17.08
-18.76
-16.81
-17.23
-16.90
-16.19
-16.45
-16.09
-18.45
-17.42
-17.43
-18.28
-18.33
-17.74
-16.54
-17.96
-16.80
-18.03
-17.92
-18.80
-18.55
-16.77
-17.23
-16.20
-16.31
-19.06
-16.96
-16.11
-16.09
-16.17
-16.47
-16.41
-17.80
-16.95
-19.13
-16.03
-16.17
-19.17
-17.64
-18.44
-16.37
-16.83
-17.33
-16.40
-16.45
-16.38
-17.20
-17.57
-18.50
-17.03
-18.11
-20.00
-16.45
-16.01
-17.71
-16.78
-16.77
-16.28
-16.16
-18.63
-17.78
-17.35
-16.21
-17.24
-17.43
-18.83
-16.83
-20.05
-17.89
-16.84
-17.76
-19.28
-16.20
-18.87
-16.29
-16.74
-16.30
-17.20
-16.87
-17.64
-16.28
-16.41
-18.23
-16.41
-16.01
-16.36
-17.90
-17.89
-19.70
-17.65
-17.32
-17.53
-16.80
-16.06
-17.97
-16.61
-16.54
-16.86
-17.01
-19.41
-17.60
-17.55
-16.29
-16.02
-16.06
-16.68
-17.36
-17.75
-16.61
-19.50
-16.51
-16.52
-17.40
-19.41
-17.00
-16.27
-16.47
-16.03
-17.14
-16.17
-16.35
-18.11
-17.23
-16.57
-19.11
-18.17
-16.74
-18.48
-16.38
-17.27
-16.21
-16.65
-16.40
-18.61
-16.76
-19.87
-16.74
-16.83
-16.26
-18.27
-18.15
-18.58
-19.46
-17.58
-16.38
-16.35
-17.63
-17.88
-16.45
-17.37
-16.47
-16.22
-17.96
-16.46
-16.55
-17.01
-16.84
-17.45
-16.00
-20.57
-16.83
-16.23
-19.56
-16.82
-17.39
-16.95
-17.31
-16.40
-16.52
-16.25
-18.41
-16.29
-16.14
-17.71
-16.83
-16.90
-16.55
-17.97
-17.73
-17.28
-16.70
-16.43
-16.21
-16.32
-16.42
-19.12
-16.17
-16.55
-19.53
-17.28
-19.25
-18.50
-16.76
-16.53
-16.34
-16.91
-18.15
-17.25
-18.84
-16.32
-16.83
-17.05
-16.25
-16.14
-16.73
-18.04
-16.29
-17.17
-17.40
-17.88
-20.06
-16.89
-18.39
-17.88
-18.74
-16.49
-16.93
-16.76
-16.53
-17.29
-16.37
-19.11
-16.82
-17.01
-17.01
-20.58
-18.03
-16.59
-18.26
-18.41
-18.36
-17.36
-17.40
-18.43
-16.61
-17.33
-18.31
-16.04
-20.37
-18.64
-16.27
-16.19
-17.56
-20.75
-16.92
-17.13
-17.33
-17.17
-17.57
-19.68
-16.52
-18.27
-19.69
-18.18
-16.76
-19.25
-16.47
-19.97
-16.31
-16.18
-16.76
-16.60
-16.94
-17.92
-17.06
-18.72
-16.01
-16.15
-16.08
-16.50
-16.23
-17.52
-16.29
-17.03
-16.17
-16.51
-17.06
-17.71
-16.06
-16.11
-16.25
-16.79
-19.50
-18.26
-16.47
-16.55
-16.95
-17.71
-16.37
-18.57
-16.99
-17.83
-19.35
-16.51
-17.28
-20.86
-17.92
-16.76
-19.18
-16.44
-16.55
-16.97
-17.05
-17.11
-17.81
-16.85
-16.21
-20.55
-17.20
-18.10
-16.63
-18.71
-16.26
-18.24
-16.55
-17.60
-19.52
-16.59
-19.47
-16.82
-16.19
-16.77
-16.65
-16.19
-17.41
-17.44
-17.15
-19.81
-16.45
-17.38
-17.45
-17.82
-16.00
-19.68
-16.08
-16.46
-16.58
-17.62
-16.40
-16.21
-17.62
-16.40
-16.27
-16.88
-16.73
-17.92
-16.49
-17.59
-17.23
-17.77
-16.02
-16.75
-19.21
-16.93
-16.25
-16.07
-19.80
-16.29
-20.53
-16.00
-17.01
-17.58
-16.16
-16.50
-18.69
-17.01
-17.74
-17.16
-16.47
-16.48
-17.43
-19.16
-18.13
-18.10
-17.70
-16.24
-17.79
-16.54
-21.12
-18.13
-16.87
-16.53
-19.16
-19.15
-18.44
-18.36
-17.51
-17.13
-16.14
-16.56
-17.17
-17.54
-17.08
-16.75
-18.35
-16.08
-18.30
-18.31
-18.16
-16.90
-18.54
-17.32
-18.06
-16.40
-17.87
-17.72
-18.23
-16.80
-16.81
-17.63
-18.01
-17.38
-17.24
-17.11
-17.12
-17.94
-18.28
-16.81
-17.50
-16.76
-16.06
-16.04
-17.22
-16.79
-20.38
-17.22
-16.25
-16.92
-18.58
-16.46
-18.17
-17.90
-17.16
-18.59
-16.06
-17.17
-17.49
-16.69
-16.90
-16.36
-17.12
-17.74
-20.79
-19.70
-16.94
-19.43
-18.56
-16.89
-17.02
-16.79
-16.71
-16.29
-18.53
-16.02
-19.60
-17.13
-16.39
-17.47
-18.05
-18.62
-16.24
-18.50
-16.23
-17.57
-16.13
-17.01
-16.29
-19.57
-17.29
-17.00
-17.18
-17.55
-17.68
-17.27
-18.92
-17.28
-18.71
-16.55
-17.41
-16.27
-16.57
-16.45
-16.95
-19.91
-16.49
-17.19
-19.60
-18.31
-16.00
-18.02
-17.56
-17.84
-17.60
-19.26
-18.40
-16.59
-16.10
-17.12
-17.34
-16.97
-18.57
-18.03
-17.37
-17.66
-18.74
-16.02
-17.67
-16.20
-17.96
-16.74
-17.09
-18.11
-16.05
-16.03
-20.16
-20.75
-18.79
-17.42
-17.55
-16.41
-17.97
-16.59
-16.94
-16.42
-16.96
-17.22
-18.03
-16.82
-17.58
-16.06
-18.37
-17.32
-17.40
-17.04
-16.00
-17.20
-16.73
-16.43
-16.15
-16.59
-16.21
-18.24
-19.39
-17.43
-17.91
-19.73
-16.89
-18.34
-20.20
-16.69
-16.16
-16.92
-16.57
-16.26
-16.18
-16.46
-16.64
-16.71
-16.80
-17.42
-18.27
-17.82
-17.95
-17.87
-16.22
-19.16
-17.29
-17.96
-17.09
-16.51
-18.00
-17.80
-16.53
-16.41
-19.14
-17.78
-16.23
-16.02
-16.61
-16.75
-16.48
-19.53
-16.08
-16.20
-18.56
-17.52
-16.76
-17.09
-16.66
-17.56
-16.02
-19.16
-17.53
-16.46
-16.09
-17.76
-18.27
-17.71
-17.87
-16.28
-19.37
-16.20
-16.06
-16.39
-16.22
-16.13
-18.82
-16.53
-16.33
-16.48
-19.55
-16.30
-17.38
-17.88
-16.33
-16.74
-16.35
-16.74
-16.78
-16.62
-16.15
-16.41
-17.07
-17.35
-17.30
-19.11
-19.37
-17.16
-18.84
-20.68
-17.68
-17.53
-17.67
-17.44
-16.73
-16.02
-16.94
-17.36
-17.04
-16.03
-17.02
-18.48
-17.79
-16.98
-18.28
-16.21
-16.23
-16.40
-16.15
-16.84
-16.04
-17.24
-18.69
-16.40
-18.09
-16.70
-17.78
-17.31
-17.22
-17.56
-19.56
-16.43
-18.32
-18.75
-16.06
-20.00
-17.82
-17.13
-16.23
-16.44
-17.63
-16.38
-16.83
-17.21
-17.48
-16.67
-16.76
-16.20
-16.38
-16.08
-19.04
-16.78
-17.37
-16.82
-17.92
-16.48
-19.99
-16.26
-16.77
-17.01
-16.50
-17.33
-16.76
-19.80
-17.72
-16.68
-16.54
-16.87
-17.26
-16.05
-16.90
-17.26
-16.48
-17.17
-16.78
-16.60
-17.71
-18.81
-16.48
-17.01
-16.18
-16.48
-17.42
-17.07
-17.26
-16.50
-17.00
-17.55
-17.70
-16.45
-16.97
-16.31
-17.96
-16.02
-19.70
-16.98
-17.93
-16.09
-21.20
-16.40
-17.55
-16.56
-16.70
-16.96
-19.60
-16.94
-16.42
-17.41
-16.30
-20.02
-17.57
-16.59
-16.81
-16.10
-16.37
-16.23
-16.34
-16.44
-16.60
-17.42
-18.53
-16.10
-16.49
-16.52
-16.23
-18.07
-16.83
-16.03
-16.21
-19.15
-17.53
-17.06
-16.80
-16.50
-17.33
-16.65
-16.46
-16.32
-17.01
-17.81
-16.33
-19.11
-16.06
-16.55
-17.03
-17.44
-16.20
-16.56
-16.67
-17.52
-17.78
-17.42
-16.44
-18.16
-17.56
-18.89
-19.66
-16.40
-16.54
-16.21
-17.50
-16.50
-16.64
-16.24
-16.16
-16.53
-16.74
-17.29
-16.14
-16.74
-18.88
-20.39
-16.66
-16.26
-16.83
-16.59
-16.98
-17.44
-17.56
-16.44
-16.72
-17.93
-20.36
-17.55
-16.40
-18.07
-16.40
-17.92
-16.42
-18.11
-16.53
-17.64
-18.50
-17.35
-17.23
-17.42
-16.56
-18.21
-17.93
-17.62
-16.40
-16.72
-16.54
-16.35
-17.68
-17.75
-16.63
-16.94
-17.03
-17.46
-16.47
-20.24
-19.82
-16.02
-16.65
-17.55
-18.59
-17.06
-16.03
-16.22
-16.14
-17.88
-16.83
-16.03
-17.28
-16.46
-16.44
-19.47
-17.27
-16.57
-16.04
-16.94
-18.43
-17.86
-17.24
-17.75
-16.96
-16.09
-17.51
-17.48
-17.82
-16.32
-16.11
-19.63
-17.91
-16.55
-16.36
-18.65
-16.79
-16.87
-16.96
-16.40
-16.21
-17.55
-17.92
-17.19
-17.83
-17.00
-17.45
-17.26
-18.64
-16.68
-17.44
-16.21
-16.68
-16.86
-18.34
-16.67
-16.35
-17.20
-19.51
-17.39
-16.22
-19.80
-18.18
-18.82
-17.05
-19.38
-16.71
-16.84
-19.88
-16.93
-18.94
-18.49
-17.42
-17.61
-16.54
-19.73
-17.02
-16.98
-16.45
-19.71
-17.51
-19.83
-17.79
-17.97
-18.51
-16.51
-16.20
-16.77
-17.46
-17.31
-16.95
-16.85
-16.85
-18.44
-18.63
-16.93
-16.87
-16.37
-17.12
-16.76
-17.11
-20.62
-16.19
-16.67
-17.36
-16.79
-16.55
-16.44
-16.24
-19.21
-16.63
-18.29
-19.70
-17.33
-17.34
-16.35
-17.14
-19.10
-18.48
-19.52
-19.47
-17.18
-16.39
-19.77
-18.58
-18.27
-16.83
-16.68
-17.72
-16.70
-16.59
-19.10
-16.86
-16.97
-19.48
-17.17
-16.06
-19.67
-17.73
-17.61
-16.63
-17.00
-16.06
-18.12
-16.34
-16.41
-16.26
-16.76
-16.31
-16.65
-17.88
-17.14
-16.30
-16.09
-16.01
-16.12
-17.06
-16.69
-21.69
-17.24
-18.33
-17.37
-17.79
-16.99
-16.80
-18.39
-18.50
-17.82
-16.21
-18.71
-18.62
-16.36
-17.81
-16.08
-18.45
-20.28
-16.22
-16.55
-17.58
-16.69
-16.43
-16.49
-17.79
-17.89
-17.20
-16.66
-17.92
-20.63
-16.67
-20.34
-16.61
-16.48
-17.27
-18.90
-16.50
-16.50
-16.66
-18.63
-16.35
-17.06
-16.98
-16.78
-16.49
-17.27
-16.23
-16.61
-16.52
-16.73
-16.39
-17.48
-16.73
-17.25
-20.77
-17.28
-16.54
-19.10
-16.12
-17.04
-20.83
-17.44
-16.18
-16.09
-16.45
-18.09
-18.77
-17.33
-18.58
-16.34
-19.12
-17.30
-16.88
-18.05
-17.08
-16.74
-18.93
-19.09
-16.66
-17.39
-16.49
-16.15
-20.51
-17.94
-17.64
-16.66
-16.56
-16.42
-16.77
-16.79
-16.55
-19.79
-17.88
-17.10
-17.38
-19.49
-18.49
-19.13
-16.24
-16.21
-17.10
-17.27
-17.62
-16.62
-18.02
-16.04
-16.78
-16.53
-16.38
-16.14
-18.04
-16.13
-18.08
-18.19
-16.76
-18.41
-16.03
-16.73
-18.79
-20.53
-16.99
-16.58
-16.07
-17.60
-18.91
-16.59
-16.08
-18.66
-17.03
-19.31
-16.67
-19.97
-16.19
-17.85
-18.89
-17.15
-18.76
-18.67
-16.59
-16.53
-16.64
-16.27
-19.14
-17.67
-17.29
-16.48
-20.25
-16.33
-17.01
-17.41
-17.97
-17.03
-16.41
-17.00
-17.07
-17.20
-17.93
-17.18
-17.69
-16.21
-17.01
-16.21
-16.73
-16.15
-16.65
-18.26
-16.01
-16.95
-16.02
-19.11
-17.59
-16.34
-19.32
-19.45
-18.69
-16.08
-16.13
-16.68
-17.07
-16.04
-16.72
-16.84
-19.44
-16.47
-18.13
-18.50
-16.25
-16.29
-16.98
-19.57
-16.07
-17.08
-17.63
-20.05
-16.99
-16.43
-19.82
-16.70
-18.08
-19.66
-16.27
-16.26
-16.52
-16.78
-17.21
-16.47
-17.26
-17.44
-16.23
-16.16
-17.91
-16.33
-16.23
-18.87
-16.81
-18.40
-18.49
-19.67
-16.55
-18.53
-19.19
-16.05
-16.35
-16.50
-19.42
-17.40
-18.36
-17.89
-16.95
-16.10
-16.59
-17.04
-17.86
-16.51
-16.69
-16.91
-17.28
-16.34
-17.95
-16.72
-17.72
-19.65
-17.37
-16.13
-17.57
-16.62
-16.42
-16.77
-18.00
-16.04
-16.94
-17.78
-16.38
-19.63
-17.01
-16.70
-19.50
-16.44
-16.31
-18.92
-16.05
-18.48
-18.02
-16.70
-19.71
-17.65
-17.28
-18.49
-19.77
-18.02
-17.47
-16.33
-16.37
-17.31
-16.19
-16.80
-16.24
-17.48
-17.17
-18.34
-16.35
-19.09
-20.11
-18.56
-16.73
-17.34
-16.57
-18.09
-20.58
-16.68
-16.01
-17.64
-18.44
-16.22
-16.36
-18.89
-16.29
-16.87
-16.59
-16.88
-17.18
-17.79
-16.08
-20.61
-19.82
-18.13
-18.50
-16.16
-16.14
-18.61
-17.18
-16.50
-16.39
-16.23
-17.01
-17.55
-16.23
-17.31
-17.61
-16.58
-16.61
-19.50
-18.99
-19.49
-18.65
-16.20
-16.79
-18.52
-17.21
-17.56
-18.05
-17.53
-17.05
-16.79
-17.95
-16.03
-16.62
-19.95
-16.16
-17.00
-17.29
-17.43
-17.95
-17.03
-16.49
-16.86
-16.76
-16.01
-16.50
-16.32
-19.00
-16.24
-17.04
-16.33
-16.53
-16.77
-18.09
-17.72
-16.48
-17.74
-16.21
-17.90
-16.78
-17.49
-17.26
-19.49
-17.42
-18.18
-16.41
-18.73
-17.26
-17.29
-17.57
-18.68
-19.29
-16.19
-18.81
-16.35
-17.95
-17.69
-18.33
-18.26
-16.22
-17.52
-16.44
-16.99
-16.27
-17.25
-16.47
-16.70
-17.28
-16.41
-17.38
-19.89
-17.16
-18.76
-16.83
-16.54
-17.42
-17.11
-17.35
-16.00
-16.60
-17.71
-16.55
-17.32
-18.31
-16.33
-16.12
-16.42
-20.29
-16.10
-17.38
-16.79
-19.72
-17.23
-16.48
-16.76
-16.20
-19.70
-18.30
-16.33
-16.43
-16.36
-17.65
-16.11
-16.45
-19.70
-16.00
-16.70
-17.55
-19.01
-19.01
-17.73
-16.40
-16.23
-17.64
-18.66
-18.15
-17.80
-17.99
-16.90
-20.48
-18.16
-16.97
-16.79
-16.38
-17.54
-16.45
-18.01
-17.09
-17.18
-17.95
-16.59
-16.39
-18.07
-20.17
-17.91
-16.97
-16.66
-17.16
-16.37
-18.76
-16.35
-18.06
-16.37
-16.22
-17.98
-16.49
-17.71
-16.83
-16.71
-16.91
-19.73
-16.15
-16.98
-17.37
-18.31
-17.42
-17.21
-19.25
-17.01
-17.30
-17.25
-17.29
-19.51
-19.14
-18.40
-17.33
-16.03
-16.70
-18.43
-16.46
-19.51
-17.84
-17.84
-16.21
-16.93
-17.40
-17.43
-16.14
-18.32
-16.72
-17.15
-16.09
-16.03
-16.12
-16.25
-17.02
-17.55
-16.71
-16.37
-16.43
-18.14
-17.62
-19.51
-17.11
-16.19
-18.03
-17.75
-16.47
-18.46
-17.45
-18.29
-16.87
-16.90
-17.95
-17.68
-16.54
-18.45
-18.44
-16.72
-16.04
-16.74
-16.73
-16.24
-18.54
-16.77
-16.03
-18.25
-19.67
-16.41
-16.80
-16.22
-17.15
-16.35
-17.91
-16.41
-18.86
-16.59
-19.51
-16.00
-16.32
-16.11
-17.60
-16.51
-17.16
-18.00
-16.16
-16.39
-16.43
-17.49
-17.35
-18.80
-17.41
-19.66
-17.39
-16.35
-17.88
-16.11
-16.70
-16.92
-18.59
-19.19
-16.24
-20.53
-17.53
-17.75
-16.40
-17.64
-17.72
-17.03
-18.12
-18.85
-19.54
-16.18
-18.73
-19.38
-16.58
-17.21
-16.86
-17.69
-16.82
-16.97
-16.96
-16.87
-17.82
-17.52
-16.56
-16.81
-16.21
-17.86
-18.80
-16.54
-18.08
-19.04
-17.94
-16.25
-16.58
-17.29
-19.13
-16.43
-16.15
-18.10
-16.08
-18.25
-19.63
-20.57
-16.18
-16.17
-17.27
-17.51
-17.61
-16.32
-18.11
-16.45
-16.46
-16.54
-16.23
-16.63
-18.87
-18.26
-18.42
-16.21
-16.30
-17.43
-16.61
-16.87
-16.66
-16.38
-20.86
-16.65
-16.05
-17.61
-18.67
-17.91
-17.30
-17.29
-19.85
-16.06
-17.49
-16.95
-18.55
-19.20
-16.56
-16.13
-16.91
-17.20
-16.80
-19.55
-16.11
-17.47
-16.82
-19.71
-16.60
-19.78
-16.94
-18.20
-18.59
-18.36
-17.65
-17.14
-17.60
-16.37
-17.61
-18.43
-18.18
-16.29
-16.49
-17.33
-18.19
-18.08
-17.79
-16.33
-16.00
-17.41
-17.92
-16.70
-16.56
-16.61
-16.25
-18.48
-16.74
-16.98
-17.96
-16.69
-17.80
-17.17
-17.01
-16.44
-16.73
-16.83
-17.37
-20.08
-18.58
-17.16
-16.17
-17.40
-16.70
-16.72
-18.97
-18.38
-20.06
-18.04
-16.53
-16.60
-18.15
-19.70
-16.24
-16.44
-19.18
-16.14
-17.47
-16.26
-16.27
-16.01
-16.39
-21.67
-19.87
-17.12
-16.98
-16.87
-17.34
-16.51
-17.44
-17.22
-16.84
-18.67
-16.85
-19.34
-17.04
-18.00
-16.09
-18.03
-19.21
-17.66
-16.07
-18.34
-17.15
-16.07
-19.63
-16.30
-16.62
-16.40
-16.61
-18.41
-16.12
-16.37
-17.60
-16.95
-16.20
-17.12
-17.19
-19.33
-18.06
-17.01
-20.04
-16.55
-16.04
-16.86
-16.32
-16.11
-16.43
-16.09
-18.02
-16.84
-19.68
-19.41
-19.44
-17.13
-17.06
-18.84
-16.47
-17.35
-17.74
-16.17
-17.10
-16.54
-18.74
-17.89
-16.29
-16.58
-20.15
-16.31
-17.56
-16.13
-18.11
-16.32
-16.99
-16.27
-16.28
-16.72
-17.67
-18.85
-16.84
-16.95
-16.30
-17.47
-16.74
-16.69
-16.31
-16.10
-16.53
-16.53
-16.81
-17.98
-17.74
-16.31
-18.13
-16.52
-19.29
-19.24
-16.03
-18.52
-18.36
-16.21
-17.02
-16.48
-18.26
-16.78
-17.78
-17.08
-17.03
-19.80
-19.09
-17.01
-17.98
-17.41
-16.38
-16.96
-16.05
-16.31
-16.06
-17.75
-17.86
-16.48
-16.96
-16.04
-17.97
-16.86
-16.61
-19.69
-16.99
-16.43
-16.31
-17.54
-17.77
-16.21
-16.95
-18.25
-16.44
-19.57
-20.31
-16.33
-18.19
-18.33
-16.09
-16.77
-17.73
-16.24
-17.40
-18.78
-20.07
-16.33
-16.43
-16.97
-16.52
-18.16
-16.07
-16.81
-17.65
-18.31
-17.55
-18.57
-16.61
-17.33
-16.99
-20.96
-17.24
-17.19
-16.86
-16.28
-17.98
-18.92
-19.01
-16.11
-17.08
-17.24
-17.11
-17.25
-19.51
-18.33
-17.62
-19.75
-19.69
-16.19
-18.45
-16.82
-16.52
-16.70
-18.32
-18.56
-19.92
-17.37
-16.53
-16.57
-17.25
-18.40
-18.12
-16.93
-16.02
-20.02
-16.54
-17.03
-17.71
-20.62
-17.78
-16.68
-17.19
-16.34
-19.23
-18.43
-16.98
-16.18
-18.29
-16.32
-17.24
-19.22
-16.28
-16.12
-16.53
-17.44
-16.45
-16.67
-16.19
-16.22
-18.13
-18.58
-16.64
-16.98
-17.10
-16.51
-18.99
-18.85
-17.63
-18.15
-17.70
-16.48
-18.20
-16.31
-17.35
-19.11
-17.57
-16.27
-16.59
-16.36
-16.31
-18.32
-16.12
-18.18
-18.55
-16.13
-16.92
-16.23
-16.45
-16.48
-16.69
-17.25
-16.82
-16.74
-16.57
-19.11
-20.22
-17.44
-16.21
-17.05
-17.18
-17.31
-17.17
-16.63
-16.03
-17.31
-16.80
-17.08
-16.08
-17.46
-18.18
-18.37
-16.64
-16.28
-16.27
-16.71
-20.42
-16.02
-17.45
-18.54
-18.23
-16.93
-16.91
-17.75
-16.45
-17.24
-17.03
-18.43
-16.18
-16.16
-16.36
-16.04
-19.10
-19.36
-17.47
-16.40
-17.41
-18.01
-17.34
-16.84
-16.04
-17.10
-18.20
-17.69
-19.69
-16.56
-16.31
-17.23
-16.02
-16.20
-17.97
-16.66
-19.06
-16.98
-16.06
-17.60
-17.89
-16.36
-18.76
-19.01
-16.51
-16.76
-17.74
-18.22
-16.06
-16.68
-17.04
-17.85
-16.07
-17.60
-19.27
-16.80
-16.02
-19.07
-16.75
-16.21
-17.55
-16.68
-16.32
-17.43
-16.35
-16.73
-17.04
-17.72
-18.51
-17.84
-16.76
-16.68
-18.45
-18.13
-19.39
-18.12
-16.80
-16.20
-16.22
-17.00
-17.76
-18.53
-17.75
-20.21
-20.41
-16.09
-16.56
-16.09
-16.11
-17.06
-19.90
-18.54
-16.99
-16.89
-17.46
-17.41
-16.51
-16.96
-16.90
-16.39
-16.50
-17.06
-16.22
-18.78
-16.74
-17.32
-18.34
-17.00
-17.86
-16.27
-17.33
-18.70
-16.36
-16.74
-17.29
-18.56
-16.12
-16.28
-16.87
-17.16
-16.30
-16.29
-18.68
-16.96
-16.89
-16.84
-17.22
-16.64
-18.25
-17.85
-16.09
-18.43
-16.11
-16.12
-16.15
-17.94
-16.85
-16.26
-17.97
-18.33
-16.58
-18.31
-18.53
-19.44
-16.71
-16.42
-18.46
-18.20
-17.97
-17.65
-17.45
-17.56
-19.40
-16.23
-17.48
-17.23
-18.53
-16.72
-16.07
-16.91
-17.82
-17.33
-16.90
-16.27
-16.21
-19.07
-19.15
-19.00
-16.96
-17.65
-16.38
-17.00
-19.56
-20.11
-16.09
-16.02
-18.45
-18.59
-21.98
-18.98
-16.09
-16.06
-19.49
-18.36
-20.47
-16.80
-16.25
-17.97
-16.46
-17.13
-17.10
-17.18
-16.03
-19.53
-18.71
-16.93
-17.68
-19.73
-16.78
-17.24
-16.09
-17.74
-16.14
-16.69
-18.16
-16.74
-19.36
-18.29
-17.49
-17.18
-16.32
-17.54
-16.87
-18.00
-16.59
-16.72
-17.44
-18.36
-19.46
-16.80
-16.62
-16.53
-18.41
-18.26
-16.34
-18.76
-16.25
-17.06
-20.14
-18.36
-17.03
-19.56
-16.36
-16.04
-16.36
-17.16
-17.51
-19.26
-16.31
-16.12
-16.18
-16.00
-16.32
-16.60
-18.88
-17.51
-16.30
-18.33
-16.51
-16.30
-17.77
-16.30
-20.01
-16.70
-17.16
-16.32
-19.28
-16.52
-20.15
-17.76
-18.61
-17.74
-17.90
-17.48
-17.09
-16.46
-18.04
-17.21
-19.91
-17.79
-18.02
-18.74
-17.88
-16.08
-16.14
-17.69
-16.69
-20.32
-18.15
-16.23
-18.52
-17.43
-17.46
-18.16
-16.89
-17.42
-16.56
-17.24
-18.13
-16.27
-17.16
-19.03
-16.54
-19.36
-16.99
-19.71
-19.98
-17.23
-17.49
-16.71
-17.98
-16.84
-16.80
-17.17
-16.22
-17.19
-16.23
-16.42
-17.14
-16.76
-17.50
-17.46
-18.39
-17.03
-18.58
-18.21
-18.28
-16.38
-16.64
-16.17
-17.61
-18.50
-18.58
-16.82
-16.66
-17.04
-16.28
-16.28
-18.19
-16.59
-19.22
-17.95
-19.16
-17.95
-17.06
-19.44
-20.15
-18.34
-16.57
-17.11
-16.96
-17.88
-17.00
-16.68
-17.54
-16.58
-19.96
-16.25
-16.27
-18.01
-16.75
-16.05
-17.77
-17.42
-16.84
-19.81
-16.27
-16.78
-19.21
-17.18
-17.08
-17.96
-17.57
-16.23
-20.18
-17.06
-16.56
-17.53
-16.33
-19.32
-16.09
-16.93
-17.24
-16.04
-20.00
-16.59
-16.02
-17.36
-17.46
-16.69
-16.32
-16.38
-18.70
-17.41
-16.59
-16.77
-18.63
-16.04
-17.28
-19.10
-17.55
-16.31
-19.01
-18.56
-17.51
-16.08
-16.59
-16.09
-16.65
-16.54
-16.29
-16.99
-16.41
-17.17
-16.04
-16.24
-18.88
-16.04
-16.69
-16.55
-16.56
-16.79
-17.30
-16.87
-17.50
-18.46
-19.85
-17.86
-16.26
-16.96
-16.86
-17.07
-16.20
-16.05
-16.56
-19.31
-18.87
-19.78
-16.40
-16.68
-17.56
-16.42
-16.88
-19.95
-16.28
-17.48
-16.60
-18.35
-20.58
-16.57
-16.11
-16.59
-18.29
-20.24
-17.85
-17.58
-17.63
-16.59
-17.16
-16.43
-16.44
-20.00
-17.09
-16.24
-17.79
-16.21
-16.43
-17.18
-17.12
-16.14
-17.27
-16.04
-18.82
-16.12
-16.61
-17.71
-16.38
-17.40
-18.95
-16.54
-20.02
-16.97
-18.20
-16.47
-16.98
-16.32
-16.36
-16.30
-16.42
-17.21
-16.60
-18.85
-17.04
-16.43
-16.36
-16.01
-16.01
-16.65
-16.14
-16.97
-19.60
-16.39
-17.13
-19.18
-16.64
-16.54
-16.95
-18.25
-18.64
-16.74
-18.71
-16.79
-18.52
-17.45
-18.22
-16.16
-17.20
-16.34
-16.91
-16.75
-16.41
-16.88
-17.15
-17.57
-19.96
-16.12
-20.45
-16.11
-16.26
-20.01
-17.51
-16.66
-18.61
-18.75
-17.41
-16.16
-16.93
-17.16
-19.39
-16.51
-17.75
-17.48
-17.63
-17.88
-16.31
-19.95
-18.39
-17.09
-16.84
-17.01
-17.94
-17.54
-18.10
-16.40
-17.44
-16.62
-16.68
-16.46
-17.30
-16.09
-16.16
-18.58
-17.10
-21.25
-17.76
-16.37
-17.55
-19.45
-17.69
-17.37
-16.87
-16.41
-18.36
-16.69
-17.44
-16.27
-16.86
-17.34
-16.16
-16.28
-17.77
-19.04
-20.37
-16.68
-16.02
-16.67
-17.50
-17.79
-17.15
-16.82
-17.35
-16.62
-16.55
-16.98
-18.67
-17.23
-19.22
-16.66
-16.10
-17.19
-17.77
-16.21
-17.70
-16.13
-18.32
-16.83
-21.45
-18.30
-16.95
-18.26
-16.01
-17.35
-17.02
-16.82
-18.52
-16.73
-17.06
-16.49
-17.17
-16.78
-16.87
-16.00
-20.19
-17.30
-16.67
-16.66
-18.56
-16.11
-20.24
-16.55
-16.31
-16.15
-16.02
-16.16
-19.05
-16.66
-16.06
-17.62
-16.99
-16.08
-18.90
-16.31
-16.06
-16.08
-16.82
-18.60
-19.13
-18.44
-16.11
-18.35
-17.86
-19.05
-18.74
-16.36
-17.44
-16.70
-18.16
-16.09
-17.14
-20.68
-17.04
-16.44
-16.55
-17.21
-18.62
-16.67
-16.29
-17.01
-16.01
-16.24
-16.37
-18.45
-17.29
-17.66
-18.33
-16.29
-16.55
-17.95
-19.53
-18.91
-17.71
-16.05
-19.02
-16.21
-16.95
-17.43
-17.58
-16.73
-16.94
-18.18
-16.23
-16.90
-20.23
-16.61
-17.51
-19.16
-16.66
-17.05
-16.16
-16.64
-17.02
-16.19
-16.67
-18.28
-16.73
-16.23
-20.93
-17.81
-17.73
-16.90
-16.60
-17.97
-17.86
-17.30
-17.76
-18.12
-17.34
-16.66
-17.30
-17.36
-16.54
-16.19
-17.74
-16.24
-16.13
-16.62
-17.16
-18.70
-18.60
-16.91
-19.41
-16.21
-17.32
-16.91
-18.15
-17.28
-17.53
-19.29
-16.51
-17.04
-19.01
-16.54
-19.18
-17.43
-16.11
-19.78
-17.33
-16.36
-16.00
-18.87
-16.69
-16.75
-19.23
-19.14
-16.61
-16.18
-16.28
-16.05
-17.14
-16.32
-17.38
-16.40
-17.71
-18.71
-19.36
-16.19
-20.64
-17.51
-16.93
-18.30
-20.43
-16.34
-16.44
-16.80
-16.95
-18.41
-16.44
-18.17
-16.47
-17.30
-16.78
-16.40
-16.63
-20.17
-17.64
-17.19
-16.82
-16.76
-18.99
-18.55
-16.52
-16.26
-17.86
-17.71
-16.64
-16.37
-17.79
-16.01
-16.16
-16.51
-16.20
-16.79
-16.80
-17.08
-17.53
-17.91
-16.15
-17.78
-19.47
-18.31
-18.51
-16.10
-17.09
-18.62
-20.12
-17.32
-16.99
-18.11
-16.10
-19.18
-18.62
-16.26
-17.24
-16.02
-16.18
-17.41
-17.60
-16.49
-17.87
-16.10
-16.11
-17.10
-16.49
-16.28
-18.13
-16.16
-16.19
-17.31
-19.84
-18.75
-16.56
-16.45
-18.82
-17.06
-16.90
-16.10
-17.66
-16.09
-17.24
-17.86
-16.02
-16.22
-17.31
-16.07
-16.01
-16.35
-16.42
-16.15
-17.02
-17.13
-17.13
-16.40
-18.17
-17.89
-16.31
-18.78
-16.36
-16.33
-17.87
-16.86
-18.14
-17.32
-17.15
-16.90
-17.30
-17.75
-16.08
-18.06
-16.38
-16.07
-17.08
-16.11
-16.64
-16.92
-16.19
-16.65
-18.98
-19.44
-16.08
-16.94
-19.84
-16.64
-16.28
-18.28
-17.53
-18.40
-17.86
-16.28
-18.16
-19.92
-16.66
-18.20
-20.62
-19.19
-19.09
-20.18
-16.42
-16.97
-18.34
-16.15
-17.52
-16.79
-16.38
-18.89
-17.94
-17.24
-18.03
-18.38
-16.50
-16.42
-17.34
-17.12
-18.02
-19.92
-20.08
-17.42
-16.46
-17.57
-17.15
-18.99
-16.32
-17.16
-18.83
-17.34
-16.45
-18.27
-19.18
-18.47
-17.06
-16.82
-16.59
-16.31
-16.14
-18.91
-16.62
-16.53
-17.43
-16.18
-16.01
-17.37
-16.85
-19.97
-16.80
-17.42
-16.87
-18.05
-16.66
-17.29
-16.72
-17.09
-17.19
-17.35
-17.82
-16.80
-18.11
-16.75
-16.60
-16.31
-16.84
-19.46
-16.26
-17.28
-17.77
-16.93
-16.26
-16.20
-18.76
-18.05
-19.26
-19.27
-16.47
-17.79
-18.29
-16.80
-19.64
-16.35
-20.39
-17.47
-18.81
-16.02
-16.63
-16.86
-18.55
-18.74
-20.09
-19.28
-17.16
-17.48
-20.29
-17.48
-16.30
-16.02
-18.89
-16.67
-16.59
-16.06
-19.39
-16.83
-16.08
-17.30
-16.57
-18.54
-16.21
-17.16
-16.85
-16.69
-18.25
-20.37
-16.28
-16.06
-18.76
-17.78
-16.36
-16.13
-16.56
-16.14
-16.01
-17.15
-16.62
-17.29
-16.87
-16.50
-17.88
-17.10
-16.74
-16.69
-16.17
-16.75
-16.84
-16.49
-17.33
-18.67
-17.51
-17.19
-16.70
-16.62
-16.16
-16.53
-16.28
-17.33
-18.05
-17.83
-16.09
-16.72
-17.91
-16.69
-17.32
-18.30
-16.56
-16.05
-19.48
-19.20
-17.97
-16.60
-16.26
-17.22
-16.12
-16.49
-18.19
-17.10
-17.71
-17.93
-16.39
-18.61
-16.46
-18.03
-16.33
-19.17
-16.22
-18.16
-16.53
-16.21
-17.10
-19.97
-17.03
-16.78
-16.02
-17.19
-16.71
-21.19
-17.39
-18.50
-16.33
-17.18
-17.13
-20.08
-18.18
-17.88
-16.93
-18.21
-19.01
-18.43
-16.26
-20.10
-17.33
-19.04
-17.15
-17.55
-17.41
-16.58
-16.43
-17.99
-17.06
-16.27
-19.25
-17.92
-19.02
-18.77
-17.20
-18.98
-16.59
-16.59
-16.13
-19.38
-20.01
-16.83
-19.09
-19.82
-16.51
-16.20
-16.42
-18.26
-17.24
-18.73
-17.69
-16.48
-16.35
-17.70
-16.10
-16.98
-19.37
-16.33
-17.93
-17.15
-19.24
-17.29
-17.52
-19.13
-17.79
-16.39
-16.09
-16.78
-16.70
-16.23
-17.33
-16.82
-16.67
-16.24
-17.02
-18.43
-16.88
-16.32
-18.88
-17.79
-17.77
-16.05
-17.51
-16.54
-17.48
-16.88
-16.97
-20.27
-16.72
-18.13
-17.41
-18.92
-19.34
-16.09
-18.51
-16.35
-16.39
-16.84
-17.02
-17.14
-17.30
-16.89
-16.66
-16.49
-17.97
-16.45
-16.53
-18.70
-16.59
-17.17
-16.57
-16.32
-20.13
-17.50
-17.98
-17.09
-18.20
-19.57
-17.14
-20.94
-16.22
-17.18
-18.70
-16.08
-16.15
-16.54
-17.11
-17.00
-16.23
-16.37
-16.48
-16.58
-18.11
-16.11
-17.98
-17.29
-17.35
-17.08
-16.64
-16.59
-17.52
-17.30
-17.02
-17.47
-16.12
-18.04
-16.85
-17.71
-16.70
-17.09
-17.75
-16.09
-17.29
-18.07
-17.94
-16.02
-16.63
-17.88
-16.65
-16.97
-18.02
-16.72
-16.90
-16.12
-16.19
-18.65
-17.50
-17.71
-16.48
-16.08
-17.14
-17.65
-16.10
-16.38
-16.11
-17.44
-18.78
-17.98
-17.04
-16.17
-17.39
-16.44
-19.33
-16.95
-16.04
-19.92
-16.01
-17.17
-17.16
-16.22
-16.33
-16.20
-16.57
-18.59
-17.29
-17.09
-18.36
-17.31
-17.53
-18.10
-19.63
-16.99
-16.37
-16.09
-17.46
-21.23
-18.51
-18.82
-16.23
-17.16
-16.52
-19.67
-19.83
-17.68
-16.78
-16.40
-16.44
-16.19
-17.50
-17.00
-19.65
-16.45
-16.77
-19.10
-17.54
-19.75
-16.08
-17.77
-17.18
-18.12
-18.10
-17.47
-16.23
-18.20
-17.79
-18.77
-16.58
-17.15
-18.01
-16.00
-18.87
-17.05
-20.38
-16.35
-16.16
-17.06
-16.51
-16.45
-20.75
-16.01
-16.35
-20.33
-17.97
-21.37
-16.86
-16.02
-17.40
-17.26
-19.24
-16.81
-16.45
-17.42
-17.68
-17.40
-16.39
-16.34
-20.25
-17.76
-17.60
-16.03
-17.43
-16.52
-17.42
-17.77
-16.48
-17.61
-19.30
-17.89
-18.21
-17.03
-16.26
-19.77
-17.04
-16.32
-18.63
-16.40
-17.56
-16.71
-16.29
-16.71
-16.57
-16.41
-20.34
-16.55
-18.01
-16.96
-16.56
-18.61
-18.22
-16.67
-16.11
-16.18
-16.97
-16.32
-16.07
-20.07
-17.28
-17.98
-17.76
-17.70
-16.69
-16.05
-16.08
-18.46
-16.36
-17.81
-16.95
-17.01
-17.22
-18.08
-18.64
-18.25
-16.91
-17.63
-18.13
-17.11
-16.08
-16.73
-18.88
-18.40
-16.77
-18.29
-16.07
-18.52
-16.80
-16.03
-16.84
-16.11
-16.66
-16.20
-17.96
-19.81
-17.01
-20.20
-19.61
-18.26
-16.39
-19.37
-16.03
-16.18
-16.67
-16.08
-16.49
-19.39
-16.01
-18.76
-16.52
-18.33
-18.41
-18.26
-19.48
-18.38
-18.46
-16.26
-16.21
-16.26
-18.07
-17.86
-16.26
-16.29
-18.16
-16.51
-16.64
-16.07
-16.07
-17.18
-17.84
-18.05
-17.38
-16.61
-19.74
-16.46
-16.79
-16.93
-17.81
-18.30
-19.06
-17.43
-18.34
-17.75
-16.59
-16.87
-16.81
-16.40
-16.23
-16.58
-16.01
-18.69
-16.83
-17.28
-17.38
-17.11
-16.43
-16.98
-16.69
-16.49
-18.24
-20.50
-16.51
-16.50
-16.80
-16.86
-16.13
-16.81
-19.33
-16.54
-18.25
-16.63
-16.04
-16.63
-19.42
-16.54
-16.93
-18.52
-17.15
-17.41
-17.98
-16.87
-17.51
-17.42
-18.10
-16.22
-18.81
-16.51
-16.72
-16.62
-18.14
-17.37
-16.87
-16.73
-16.43
-16.22
-17.44
-16.10
-17.26
-17.47
-17.78
-16.70
-16.50
-19.46
-16.89
-18.84
-17.58
-16.91
-16.61
-21.28
-17.54
-16.60
-16.98
-16.88
-16.18
-17.40
-17.07
-18.14
-16.32
-18.52
-17.78
-16.08
-16.47
-16.38
-16.00
-17.44
-17.81
-16.58
-17.84
-16.67
-16.57
-16.13
-20.80
-16.24
-17.67
-16.06
-16.95
-18.81
-16.10
-17.67
-16.23
-18.72
-17.36
-18.15
-16.22
-16.90
-18.64
-17.43
-17.39
-16.30
-18.51
-18.69
-16.24
-16.32
-17.82
-16.13
-16.32
-16.37
-17.23
-18.25
-17.28
-16.00
-18.22
-16.21
-17.88
-16.25
-17.52
-16.67
-16.60
-16.02
-17.28
-18.41
-18.38
-19.58
-18.36
-16.65
-16.71
-19.42
-17.66
-17.45
-19.40
-18.73
-19.46
-16.06
-17.24
-17.99
-18.73
-16.87
-17.24
-16.80
-18.43
-16.58
-16.46
-18.54
-17.49
-16.09
-16.00
-16.04
-17.22
-18.81
-17.68
-18.80
-16.20
-16.61
-17.88
-16.42
-16.49
-18.22
-16.62
-16.00
-16.83
-16.28
-17.24
-17.00
-17.29
-16.12
-20.16
-16.08
-17.16
-17.86
-19.75
-18.33
-18.59
-16.75
-19.35
-18.02
-16.55
-16.78
-16.45
-18.22
-16.45
-19.83
-16.12
-16.34
-17.37
-17.45
-17.16
-17.92
-19.21
-16.98
-16.82
-17.53
-18.07
-19.56
-17.69
-17.86
-17.38
-17.74
-18.72
-16.11
-16.34
-18.56
-16.40
-17.04
-17.16
-17.48
-19.87
-16.22
-16.50
-16.32
-17.55
-17.07
-16.37
-17.20
-17.64
-16.50
-19.00
-18.25
-19.56
-18.05
-16.77
-16.79
-16.86
-16.46
-16.76
-17.73
-18.55
-19.15
-16.87
-18.39
-18.54
-17.26
-16.01
-16.96
-18.54
-16.03
-17.36
-16.44
-16.10
-17.25
-18.86
-18.36
-16.90
-18.76
-16.02
-18.80
-19.30
-17.94
-17.07
-18.68
-16.86
-18.35
-17.71
-17.02
-16.21
-16.99
-19.19
-18.88
-17.19
-16.54
-17.36
-16.00
-19.79
-18.12
-19.39
-17.85
-16.47
-17.37
-17.84
-17.60
-18.41
-17.07
-16.83
-17.98
-16.49
-18.80
-17.31
-17.03
-16.48
-20.21
-17.98
-18.18
-18.78
-16.28
-17.74
-19.09
-16.42
-16.02
-17.94
-16.60
-17.62
-20.50
-16.22
-16.27
-16.23
-16.23
-16.99
-18.87
-18.20
-18.39
-17.66
-17.46
-18.25
-18.40
-16.44
-16.16
-16.63
-17.19
-16.59
-16.16
-16.32
-17.86
-16.45
-16.59
-18.61
-17.02
-18.07
-18.19
-19.90
-19.97
-19.08
-16.00
-16.37
-16.73
-18.20
-17.25
-16.38
-16.15
-17.06
-17.75
-16.38
-17.24
-16.03
-16.75
-16.58
-17.62
-16.25
-18.03
-19.66
-17.60
-16.16
-16.34
-17.90
-16.03
-17.30
-17.10
-16.89
-18.12
-16.59
-18.22
-16.17
-16.03
-18.39
-18.98
-17.65
-17.56
-19.42
-16.73
-18.36
-18.36
-18.77
-17.75
-16.91
-16.14
-19.30
-19.89
-18.45
-17.06
-18.35
-16.59
-16.31
-16.32
-19.26
-19.34
-20.41
-16.02
-19.60
-17.67
-18.15
-17.48
-16.94
-16.74
-16.28
-19.09
-18.13
-16.29
-19.46
-16.68
-18.01
-18.37
-16.65
-19.16
-17.56
-18.24
-16.75
-17.43
-16.49
-18.14
-16.50
-19.08
-17.89
-20.75
-16.37
-17.56
-16.57
-17.55
-16.06
-17.98
-16.47
-16.71
-17.96
-16.33
-17.61
-18.36
-16.27
-16.33
-19.47
-17.75
-16.22
-20.42
-16.02
-16.27
-16.05
-17.19
-16.04
-17.20
-18.26
-17.98
-17.29
-16.11
-16.17
-17.43
-18.54
-17.63
-16.90
-17.77
-16.16
-17.45
-18.72
-16.71
-18.21
-20.18
-16.20
-16.16
-16.83
-17.18
-19.15
-17.25
-17.83
-17.18
-16.14
-17.78
-19.47
-16.23
-17.01
-16.19
-16.14
-19.15
-18.10
-17.96
-16.96
-16.46
-17.58
-17.23
-17.16
-16.02
-18.17
-17.06
-17.87
-16.32
-17.68
-16.08
-16.41
-16.14
-17.42
-16.91
-17.16
-17.83
-17.43
-16.87
-17.42
-18.63
-17.83
-19.61
-16.75
-16.10
-16.78
-17.41
-19.45
-17.30
-17.30
-18.04
-16.85
-17.14
-16.03
-18.79
-16.90
-17.11
-16.89
-17.41
-16.19
-18.82
-16.66
-16.27
-16.56
-17.34
-20.20
-18.83
-16.69
-16.26
-18.41
-16.21
-17.16
-17.54
-19.71
-18.16
-19.62
-17.36
-16.09
-16.90
-17.49
-18.94
-18.32
-17.45
-16.80
-16.84
-16.79
-20.08
-17.09
-16.06
-16.79
-16.94
-17.21
-18.07
-16.49
-17.52
-20.67
-19.72
-18.41
-17.90
-17.39
-17.05
-17.81
-16.03
-16.79
-16.09
-16.94
-16.98
-16.80
-19.07
-16.37
-17.17
-17.95
-16.90
-16.33
-19.28
-17.64
-16.60
-16.04
-18.48
-18.33
-16.26
-16.06
-16.40
-19.91
-16.71
-16.81
-16.50
-17.74
-16.85
-16.44
-18.74
-17.94
-16.31
-17.41
-16.30
-16.22
-16.04
-19.16
-16.41
-19.68
-19.40
-17.65
-16.59
-16.21
-17.41
-16.59
-19.47
-17.52
-17.11
-16.55
-16.27
-16.04
-16.60
-18.19
-17.40
-17.29
-16.18
-16.26
-16.90
-16.62
-16.03
-16.10
-17.64
-16.19
-16.23
-17.38
-19.70
-16.38
-18.82
-17.02
-20.26
-18.29
-17.18
-18.10
-16.23
-16.72
-19.79
-17.52
-17.90
-18.35
-17.27
-21.19
-17.93
-16.02
-17.04
-19.11
-16.55
-16.51
-17.80
-18.96
-16.44
-16.11
-17.04
-16.64
-17.27
-20.00
-17.85
-16.97
-18.81
-16.41
-17.14
-16.89
-17.16
-17.27
-16.24
-17.07
-16.67
-16.20
-17.70
-18.78
-17.17
-16.95
-16.81
-18.74
-17.36
-18.64
-19.50
-18.02
-17.65
-18.48
-19.57
-16.14
-16.04
-20.63
-17.97
-16.06
-18.86
-18.63
-17.33
-16.18
-16.53
-18.08
-16.15
-17.12
-17.72
-18.73
-16.88
-17.10
-16.14
-16.19
-16.36
-16.64
-17.78
-17.71
-19.81
-16.15
-16.42
-16.99
-17.92
-16.39
-16.38
-18.34
-17.22
-16.16
-16.43
-19.71
-20.51
-17.67
-17.18
-18.07
-16.90
-16.20
-16.01
-17.85
-18.55
-16.12
-17.71
-19.12
-17.93
-16.47
-17.67
-16.46
-16.20
-18.52
-16.68
-16.51
-16.56
-20.05
-16.35
-16.36
-16.18
-19.73
-16.01
-16.33
-16.61
-17.64
-16.75
-20.84
-17.10
-18.32
-16.83
-18.53
-17.34
-17.85
-18.12
-17.38
-16.11
-17.07
-17.17
-18.23
-17.41
-16.12
-17.13
-18.85
-16.31
-18.62
-17.11
-16.36
-16.84
-18.18
-17.63
-16.10
-17.19
-16.18
-17.98
-16.79
-18.43
-17.66
-16.25
-16.93
-16.39
-16.82
-16.62
-16.15
-17.63
-18.11
-16.58
-17.58
-16.60
-18.79
-16.32
-17.93
-16.63
-18.97
-18.24
-17.61
-16.82
-18.42
-18.87
-16.59
-18.90
-18.48
-17.01
-16.66
-16.68
-16.63
-18.23
-16.56
-17.97
-17.38
-16.94
-17.35
-16.38
-16.29
-17.51
-17.25
-20.33
-20.20
-17.74
-18.63
-17.57
-18.17
-18.05
-17.40
-16.38
-17.64
-18.98
-17.00
-19.59
-17.48
-16.90
-17.68
-19.69
-16.42
-20.26
-16.48
-16.97
-18.63
-19.08
-16.39
-16.84
-17.50
-16.63
-18.17
-18.83
-16.63
-17.18
-16.09
-17.52
-16.89
-16.12
-19.36
-19.03
-16.69
-18.80
-17.07
-18.18
-17.84
-16.24
-17.29
-16.83
-16.99
-16.37
-16.38
-16.13
-17.17
-19.52
-16.55
-17.50
-16.81
-18.84
-16.27
-18.67
-17.08
-16.22
-17.34
-17.94
-16.58
-20.34
-16.24
-16.20
-16.84
-16.63
-19.97
-16.21
-16.43
-16.52
-18.14
-17.80
-16.99
-17.33
-18.12
-16.97
-17.90
-16.81
-16.61
-17.33
-18.67
-18.36
-20.68
-17.67
-17.79
-16.07
-16.23
-16.12
-16.33
-16.23
-18.34
-17.57
-16.54
-18.14
-18.32
-17.10
-19.36
-17.04
-16.43
-17.82
-17.44
-16.11
-16.45
-19.96
-19.03
-17.89
-16.56
-16.14
-16.54
-16.97
-16.07
-16.31
-16.15
-17.85
-17.80
-16.11
-19.37
-16.84
-20.43
-16.22
-18.30
-16.11
-19.45
-17.36
-16.47
-16.56
-16.76
-16.03
-17.23
-17.36
-16.14
-17.39
-16.78
-16.05
-16.88
-19.64
-16.20
-16.43
-17.27
-19.94
-18.54
-16.03
-16.89
-16.16
-17.34
-17.20
-17.28
-16.07
-17.53
-16.55
-17.76
-17.77
-19.21
-17.31
-17.37
-16.28
-16.30
-17.62
-17.20
-16.47
-16.26
-16.56
-16.10
-16.05
-16.54
-20.97
-16.93
-16.97
-16.45
-17.06
-17.57
-20.24
-16.16
-16.95
-16.12
-19.28
-16.12
-18.67
-16.64
-16.63
-17.51
-17.46
-17.72
-16.87
-16.65
-18.06
-17.69
-16.29
-16.93
-19.22
-16.19
-19.66
-17.57
-16.42
-17.94
-19.98
-17.64
-17.75
-17.06
-16.11
-17.62
-17.76
-16.27
-17.49
-18.84
-16.10
-16.37
-17.33
-18.12
-16.63
-16.28
-18.62
-20.61
-16.44
-18.14
-17.13
-17.91
-17.24
-19.36
-16.14
-16.63
-16.52
-18.06
-17.21
-17.09
-16.56
-17.14
-19.26
-17.42
-16.40
-18.02
-17.02
-17.09
-17.24
-17.00
-16.33
-16.21
-20.44
-16.10
-17.20
-17.97
-16.24
-16.43
-16.81
-16.40
-16.28
-18.49
-16.41
-17.42
-16.10
-20.73
-16.82
-19.59
-16.49
-17.05
-17.74
-18.44
-16.38
-16.58
-17.07
-16.09
-18.04
-18.64
-16.17
-16.60
-17.21
-18.43
-16.75
-19.72
-16.32
-19.39
-19.15
-18.47
-18.70
-16.58
-17.13
-19.67
-16.17
-19.38
-16.30
-19.85
-17.78
-18.75
-16.06
-19.25
-16.09
-17.83
-17.30
-17.26
-16.00
-16.01
-17.77
-17.31
-19.27
-18.92
-20.70
-16.21
-16.79
-18.04
-16.82
-18.34
-16.10
-17.49
-16.26
-16.10
-17.31
-17.32
-16.62
-16.34
-20.08
-16.57
-16.26
-18.73
-17.09
-16.75
-16.66
-18.51
-17.57
-16.50
-19.93
-16.33
-18.20
-17.73
-17.50
-16.11
-19.38
-17.06
-18.47
-16.95
-16.96
-16.06
-16.31
-16.30
-18.25
-17.27
-16.97
-17.07
-17.31
-16.74
-19.67
-18.14
-17.37
-19.75
-17.54
-16.38
-18.27
-17.95
-16.56
-16.97
-18.46
-17.22
-20.11
-16.95
-19.21
-16.01
-17.40
-18.21
-16.50
-16.22
-17.48
-16.01
-16.07
-17.65
-16.20
-18.22
-16.76
-16.32
-16.60
-18.72
-18.35
-17.92
-17.92
-18.68
-16.17
-19.17
-17.34
-18.85
-20.22
-16.18
-18.69
-17.71
-18.61
-17.64
-17.80
-17.04
-17.87
-17.70
-17.06
-16.07
-17.19
-16.12
-17.14
-16.91
-19.37
-16.87
-17.63
-16.84
-16.84
-19.39
-16.90
-18.03
-17.48
-17.88
-16.72
-16.18
-16.55
-18.52
-17.18
-17.60
-17.02
-16.69
-18.10
-16.13
-18.85
-16.89
-16.91
-17.04
-17.52
-16.38
-16.63
-18.63
-16.18
-18.51
-19.25
-18.32
-16.59
-18.57
-16.26
-18.01
-19.41
-19.76
-18.13
-17.79
-17.70
-17.19
-18.93
-17.96
-16.43
-16.94
-17.33
-16.23
-16.64
-18.82
-17.43
-17.22
-18.97
-16.55
-16.13
-16.89
-16.49
-17.04
-19.46
-16.27
-16.49
-17.31
-16.97
-21.45
-16.14
-16.46
-16.53
-16.06
-17.08
-16.09
-17.74
-18.17
-16.41
-16.07
-17.22
-18.33
-20.24
-19.71
-16.36
-16.69
-17.59
-16.05
-16.32
-17.61
-16.69
-20.13
-16.50
-19.25
-16.70
-19.96
-16.57
-16.59
-16.54
-18.02
-16.99
-17.28
-17.91
-17.56
-16.05
-18.76
-20.50
-17.06
-18.37
-18.37
-16.63
-16.46
-17.27
-16.21
-17.49
-16.05
-16.61
-18.98
-19.07
-16.23
-17.32
-17.35
-16.08
-16.24
-16.08
-16.51
-16.29
-18.36
-18.88
-18.19
-17.69
-16.61
-17.55
-16.61
-16.47
-18.37
-16.26
-20.24
-16.43
-16.77
-16.14
-19.23
-16.44
-16.33
-16.28
-17.18
-16.16
-16.06
-17.95
-17.53
-16.31
-17.41
-18.21
-16.82
-16.33
-16.63
-18.39
-16.63
-16.22
-16.38
-17.82
-16.03
-16.35
-17.21
-16.98
-16.31
-17.67
-16.02
-18.79
-16.89
-16.09
-16.91
-17.34
-17.88
-16.92
-16.57
-17.71
-16.59
-16.30
-16.24
-16.09
-16.19
-17.19
-16.04
-20.65
-16.83
-17.55
-18.14
-16.75
-19.85
-16.38
-18.19
-16.35
-17.15
-17.36
-17.90
-17.11
-16.26
-16.05
-19.45
-16.18
-16.73
-18.11
-18.95
-17.69
-16.53
-18.48
-17.08
-17.11
-16.18
-16.02
-16.53
-16.42
-16.97
-16.77
-18.34
-17.47
-18.38
-17.24
-17.62
-17.78
-18.87
-18.09
-17.33
-16.69
-18.31
-17.68
-16.10
-16.38
-18.75
-16.71
-17.05
-19.40
-16.47
-19.00
-19.13
-21.43
-18.33
-18.30
-19.72
-18.40
-16.44
-19.78
-16.36
-19.17
-17.65
-19.36
-20.24
-16.70
-17.90
-16.18
-16.42
-16.01
-17.20
-18.05
-16.45
-18.75
-16.04
-18.11
-16.14
-18.03
-17.69
-16.66
-16.33
-16.95
-16.74
-16.60
-16.19
-17.42
-16.96
-17.60
-17.94
-16.31
-18.73
-17.19
-18.12
-18.94
-16.88
-16.90
-17.36
-19.19
-16.43
-18.06
-16.50
-16.26
-17.32
-16.83
-16.68
-17.32
-17.80
-16.17
-20.12
-19.51
-18.70
-16.42
-16.36
-17.69
-17.68
-17.25
-16.95
-16.96
-17.09
-16.38
-19.61
-17.30
-17.87
-16.66
-18.14
-18.58
-16.90
-16.29
-16.27
-17.84
-19.19
-17.60
-16.97
-17.30
-18.33
-16.35
-18.06
-16.69
-16.63
-17.42
-16.18
-17.38
-16.89
-17.40
-16.71
-19.69
-16.74
-16.67
-16.05
-18.41
-17.10
-20.25
-17.33
-16.21
-16.40
-20.32
-19.69
-17.97
-16.75
-16.24
-18.78
-16.34
-20.55
-17.32
-17.66
-16.09
-19.17
-18.56
-16.86
-16.12
-17.21
-16.05
-16.05
-20.88
-18.94
-16.77
-16.91
-16.58
-16.83
-17.69
-16.06
-17.67
-17.17
-17.69
-18.25
-21.40
-18.33
-19.44
-16.36
-16.96
-16.24
-16.17
-16.34
-18.85
-17.94
-17.86
-18.43
-16.04
-16.12
-17.75
-17.96
-16.19
-16.16
-17.48
-20.27
-16.11
-21.12
-17.28
-17.98
-16.19
-18.83
-18.97
-18.98
-16.38
-16.36
-17.05
-17.76
-18.42
-18.73
-17.39
-16.16
-16.70
-16.40
-16.39
-16.75
-19.13
-16.35
-16.45
-16.65
-17.49
-18.57
-16.01
-16.78
-16.30
-18.02
-16.14
-16.67
-20.92
-17.00
-16.43
-19.48
-17.70
-17.22
-17.33
-18.77
-18.47
-17.21
-16.26
-18.97
-17.29
-17.06
-16.95
-18.58
-17.66
-16.21
-16.69
-19.44
-16.12
-16.20
-16.57
-18.24
-16.32
-17.33
-16.92
-16.34
-20.79
-16.54
-17.16
-17.17
-20.17
-17.97
-16.02
-16.80
-19.17
-17.31
-18.34
-16.79
-16.37
-17.38
-17.82
-16.69
-16.10
-20.12
-17.90
-17.51
-16.93
-16.37
-16.35
-16.19
-17.34
-17.64
-17.75
-16.10
-16.07
-16.46
-17.81
-16.43
-16.51
-20.29
-16.83
-20.05
-16.26
-16.05
-18.20
-16.49
-18.02
-16.69
-17.53
-17.17
-16.55
-16.21
-16.22
-17.19
-19.72
-18.39
-19.26
-18.41
-16.71
-16.43
-18.69
-17.12
-16.79
-18.25
-17.38
-16.04
-16.43
-18.01
-16.85
-16.93
-16.68
-17.75
-19.07
-16.18
-17.62
-17.26
-16.36
-17.06
-16.38
-16.43
-16.10
-18.22
-16.61
-16.57
-17.10
-16.83
-18.95
-16.88
-16.67
-16.29
-16.91
-16.09
-17.47
-17.07
-17.60
-17.49
-16.08
-16.78
-19.11
-16.73
-17.04
-19.88
-18.94
-16.21
-16.57
-17.78
-19.59
-17.23
-20.54
-16.65
-18.28
-18.29
-16.52
-16.14
-16.62
-19.40
-16.25
-16.26
-17.49
-20.39
-18.51
-20.49
-17.32
-20.14
-18.92
-18.70
-16.10
-21.49
-19.00
-17.30
-17.83
-16.65
-21.08
-21.63
-16.55
-18.36
-16.79
-16.25
-17.59
-16.51
-17.22
-16.27
-17.97
-18.93
-19.85
-16.02
-16.91
-17.19
-16.04
-18.47
-17.42
-16.75
-16.50
-16.83
-19.48
-16.16
-16.26
-17.37
-19.58
-19.86
-20.44
-16.66
-19.21
-17.77
-18.63
-19.52
-16.99
-18.85
-16.78
-18.13
-17.24
-18.36
-17.85
-17.65
-20.48
-17.84
-20.79
-17.29
-17.53
-16.84
-16.80
-17.99
-17.75
-16.50
-17.47
-16.57
-18.38
-16.16
-16.47
-17.29
-16.54
-19.19
-17.30
-17.45
-16.73
-16.43
-18.33
-16.41
-20.25
-17.97
-17.72
-16.33
-17.30
-18.44
-19.94
-18.15
-16.15
-16.62
-16.89
-17.02
-16.04
-18.07
-19.39
-17.97
-16.05
-16.13
-16.55
-16.33
-16.33
-16.96
-16.29
-16.03
-21.65
-16.85
-19.60
-16.64
-17.14
-17.29
-17.29
-19.35
-17.85
-17.05
-17.59
-20.17
-16.93
-16.98
-16.20
-18.23
-18.08
-16.22
-17.32
-16.96
-16.39
-16.73
-17.44
-16.03
-19.29
-19.34
-16.46
-16.86
-18.39
-16.34
-18.48
-17.11
-16.04
-18.67
-16.14
-16.48
-17.25
-17.30
-17.87
-19.19
-17.61
-16.59
-16.00
-17.35
-16.92
-17.38
-17.11
-16.25
-16.32
-16.25
-19.68
-16.87
-19.52
-18.04
-17.45
-17.17
-17.88
-16.31
-16.38
-16.79
-17.85
-16.02
-16.96
-16.83
-17.67
-17.10
-18.05
-17.23
-17.38
-16.32
-16.29
-19.92
-17.35
-16.33
-17.56
-21.16
-17.05
-16.11
-16.03
-17.87
-17.57
-16.01
-17.46
-18.24
-16.62
-18.71
-18.05
-16.53
-18.53
-17.33
-19.09
-18.62
-17.49
-16.54
-20.29
-18.77
-16.83
-16.24
-17.80
-17.88
-16.56
-17.58
-17.37
-18.53
-18.45
-16.05
-16.30
-16.72
-16.13
-16.96
-19.18
-17.21
-16.20
-16.05
-16.02
-16.01
-16.70
-17.15
-18.63
-16.46
-17.13
-16.65
-18.07
-17.38
-16.88
-20.57
-16.71
-18.52
-18.36
-16.22
-16.54
-16.06
-17.89
-16.27
-16.05
-18.15
-19.00
-17.27
-17.10
-16.58
-19.33
-18.45
-19.88
-17.90
-17.46
-17.04
-17.14
-17.97
-16.87
-16.25
-16.93
-16.21
-17.77
-20.22
-17.49
-19.66
-18.13
-17.10
-17.45
-18.86
-18.26
-18.03
-17.67
-17.48
-18.30
-20.07
-16.48
-18.46
-17.17
-16.46
-18.10
-16.52
-16.63
-16.44
-18.98
-16.88
-17.27
-18.19
-17.28
-16.14
-16.09
-18.00
-20.04
-16.79
-17.20
-17.58
-18.64
-16.63
-16.22
-16.27
-16.36
-16.30
-18.76
-16.99
-16.25
-16.86
-16.84
-16.55
-18.94
-16.12
-16.46
-16.04
-17.31
-16.13
-17.88
-16.03
-19.23
-16.96
-16.81
-20.48
-16.56
-16.24
-18.84
-16.75
-16.01
-16.47
-20.28
-16.55
-18.27
-19.00
-16.02
-17.06
-16.61
-16.93
-18.57
-16.24
-17.09
-18.53
-16.26
-19.14
-17.57
-17.56
-18.63
-16.37
-18.38
-16.94
-16.10
-16.52
-18.71
-18.71
-16.03
-19.19
-16.88
-16.11
-17.41
-18.96
-16.70
-16.13
-16.28
-16.21
-17.71
-16.68
-18.16
-17.19
-18.20
-16.32
-18.06
-18.31
-16.12
-16.83
-18.21
-16.63
-17.06
-18.91
-16.20
-18.26
-17.14
-16.69
-16.30
-17.69
-16.33
-16.16
-16.72
-18.35
-16.66
-18.00
-17.08
-16.32
-19.38
-18.07
-16.73
-16.50
-16.04
-18.40
-20.20
-18.09
-17.33
-16.83
-16.76
-18.25
-16.48
-16.93
-16.38
-16.22
-18.08
-16.44
-18.38
-17.20
-16.09
-18.66
-16.30
-17.05
-17.15
-16.64
-16.69
-16.96
-17.73
-16.31
-17.82
-16.03
-18.63
-16.05
-16.30
-17.96
-17.47
-18.55
-16.38
-17.03
-17.82
-18.42
-18.95
-18.36
-18.11
-17.90
-16.97
-16.74
-16.78
-16.28
-17.29
-18.37
-17.42
-16.01
-17.69
-16.57
-17.01
-18.58
-16.61
-16.15
-16.86
-16.94
-17.73
-18.65
-16.67
-18.39
-17.34
-16.62
-16.48
-18.08
-16.59
-17.32
-16.45
-17.61
-17.18
-17.05
-16.36
-16.09
-16.90
-18.27
-16.92
-16.96
-17.66
-17.21
-17.64
-16.30
-17.30
-19.38
-16.65
-16.02
-20.89
-16.22
-20.13
-16.86
-16.68
-16.35
-19.29
-18.62
-17.52
-16.88
-16.95
-16.44
-16.08
-19.55
-16.82
-20.60
-17.77
-18.20
-16.26
-19.04
-16.93
-17.83
-17.02
-16.45
-17.27
-17.42
-20.51
-18.99
-17.19
-20.71
-19.50
-17.36
-19.34
-18.22
-17.86
-18.38
-16.94
-16.82
-19.30
-16.43
-17.19
-16.07
-18.12
-17.60
-18.95
-16.46
-17.03
-16.20
-17.14
-16.45
-16.27
-17.88
-16.05
-17.96
-16.11
-16.42
-18.44
-16.53
-17.26
-16.66
-17.23
-18.98
-18.20
-18.26
-17.60
-18.37
-16.13
-16.71
-18.76
-18.14
-16.38
-19.78
-18.24
-17.28
-17.08
-18.79
-16.77
-18.35
-16.35
-20.28
-16.17
-19.55
-18.59
-18.12
-16.56
-18.00
-17.34
-16.98
-18.97
-16.58
-19.42
-16.93
-16.33
-17.31
-16.43
-18.66
-16.76
-17.56
-20.33
-19.90
-17.87
-17.40
-18.35
-17.67
-16.44
-17.00
-17.93
-16.78
-18.88
-17.08
-17.72
-16.92
-16.09
-17.22
-17.09
-16.25
-18.60
-16.70
-17.44
-17.99
-16.12
-18.42
-16.17
-16.71
-16.33
-16.79
-17.16
-17.48
-17.97
-16.35
-19.96
-17.53
-17.00
-20.35
-16.15
-17.13
-17.09
-19.38
-17.78
-18.07
-20.40
-19.03
-16.33
-21.01
-18.39
-19.85
-16.17
-17.70
-16.55
-16.57
-16.12
-17.70
-16.70
-20.31
-16.23
-18.99
-16.47
-17.65
-16.75
-16.35
-17.56
-16.07
-17.38
-17.06
-16.80
-17.45
-18.04
-19.21
-16.88
-16.64
-18.38
-16.42
-19.37
-17.45
-16.46
-18.40
-16.45
-19.26
-19.71
-18.43
-16.57
-18.06
-17.10
-16.03
-18.39
-16.46
-16.01
-17.65
-19.54
-17.21
-19.78
-16.52
-16.41
-16.45
-17.55
-18.06
-16.54
-16.48
-18.07
-18.35
-17.07
-18.02
-16.12
-17.02
-17.35
-18.21
-17.21
-17.94
-17.10
-18.71
-18.28
-16.50
-16.42
-19.47
-16.44
-16.35
-16.26
-17.60
-17.32
-18.16
-16.25
-16.16
-16.41
-17.31
-17.35
-17.17
-16.57
-17.30
-16.14
-16.41
-16.95
-16.60
-16.63
-17.08
-18.19
-17.03
-16.21
-16.50
-17.18
-17.69
-17.35
-16.93
-17.75
-18.38
-16.39
-17.59
-17.83
-18.04
-16.07
-17.47
-17.60
-17.35
-16.69
-17.48
-17.18
-20.21
-20.70
-16.25
-16.14
-18.33
-20.16
-16.94
-16.28
-18.46
-19.66
-18.09
-17.13
-17.05
-18.17
-17.39
-16.95
-16.16
-16.21
-16.35
-18.71
-16.98
-16.73
-17.15
-19.15
-18.11
-18.13
-18.92
-17.67
-17.17
-18.55
-16.75
-16.23
-16.17
-16.04
-16.76
-17.89
-16.99
-17.23
-18.06
-16.11
-18.78
-18.80
-16.23
-17.08
-17.64
-17.00
-18.05
-17.61
-16.48
-17.54
-16.28
-16.86
-17.57
-18.00
-19.24
-16.68
-16.04
-16.99
-17.81
-18.20
-18.40
-21.11
-17.14
-17.46
-16.38
-17.27
-18.68
-16.52
-16.95
-20.32
-16.37
-16.68
-16.14
-17.26
-16.36
-17.21
-18.56
-18.40
-19.18
-18.37
-17.20
-19.52
-19.91
-16.00
-16.09
-16.35
-17.30
-17.90
-19.69
-16.43
-17.18
-16.05
-18.59
-19.83
-17.17
-18.39
-16.14
-16.78
-17.77
-18.59
-16.50
-17.04
-16.20
-17.74
-19.56
-16.10
-16.71
-18.81
-18.59
-16.69
-17.25
-16.10
-16.84
-16.70
-17.86
-16.21
-17.73
-17.66
-18.46
-18.51
-17.63
-17.23
-17.33
-16.10
-16.31
-17.56
-16.16
-16.40
-18.17
-19.21
-16.05
-16.05
-18.54
-17.38
-17.15
-18.88
-16.65
-16.70
-18.53
-16.65
-16.53
-18.11
-16.35
-19.16
-16.50
-16.51
-18.29
-16.16
-17.37
-17.16
-18.05
-16.17
-16.67
-16.23
-20.48
-16.09
-16.59
-18.26
-17.68
-16.02
-19.94
-17.57
-17.92
-16.44
-18.09
-20.33
-18.89
-17.14
-16.82
-18.83
-16.89
-18.79
-16.58
-17.98
-20.11
-16.78
-16.27
-18.42
-16.32
-16.03
-17.37
-19.76
-17.11
-16.63
-17.10
-16.67
-17.23
-18.89
-17.06
-17.41
-16.89
-18.49
-20.25
-19.37
-18.59
-16.90
-17.11
-17.13
-21.10
-16.72
-16.38
-16.24
-17.00
-19.79
-16.83
-18.17
-17.76
-19.20
-18.50
-17.21
-18.50
-17.85
-16.67
-17.52
-19.52
-17.49
-16.76
-18.13
-17.48
-16.19
-18.53
-17.59
-20.35
-16.37
-16.86
-17.87
-17.63
-17.74
-16.44
-19.29
-16.25
-16.43
-17.38
-18.05
-18.87
-18.60
-17.34
-16.30
-16.17
-17.84
-19.37
-17.24
-17.41
-18.33
-19.46
-17.72
-17.41
-19.17
-16.73
-17.03
-16.10
-17.81
-19.35
-17.34
-18.89
-17.22
-19.63
-18.23
-17.18
-17.97
-17.43
-17.54
-17.37
-17.97
-19.19
-16.95
-16.67
-19.61
-16.01
-17.44
-16.92
-17.12
-16.70
-16.94
-20.82
-16.13
-16.43
-19.40
-17.07
-17.06
-16.18
-17.63
-17.12
-16.73
-18.05
-16.65
-17.02
-16.57
-17.37
-16.77
-16.33
-16.64
-16.13
-16.10
-16.65
-16.37
-19.93
-18.81
-19.11
-18.77
-16.56
-18.11
-16.92
-19.47
-16.98
-17.64
-18.90
-16.13
-17.60
-18.48
-19.80
-18.45
-19.12
-18.48
-17.33
-18.46
-16.67
-17.66
-18.16
-17.47
-19.07
-17.12
-18.17
-17.58
-18.54
-16.29
-19.52
-16.73
-16.09
-21.10
-16.04
-16.14
-17.15
-16.13
-16.49
-17.04
-17.73
-17.69
-18.79
-16.03
-16.49
-16.89
-17.96
-16.09
-18.11
-16.09
-17.00
-16.09
-19.01
-16.53
-16.73
-17.13
-16.29
-18.05
-16.04
-17.65
-17.80
-16.55
-16.29
-18.86
-18.29
-17.53
-16.37
-18.97
-16.70
-16.68
-16.78
-18.21
-16.07
-20.31
-17.05
-17.98
-16.40
-17.52
-16.01
-16.63
-16.20
-16.65
-16.78
-16.91
-20.07
-16.83
-16.51
-16.79
-16.03
-16.18
-16.87
-19.19
-16.32
-17.63
-19.04
-16.23
-16.02
-16.70
-19.43
-18.50
-16.89
-16.57
-19.03
-17.53
-16.79
-17.14
-19.10
-17.32
-18.60
-16.32
-17.01
-20.69
-18.33
-16.08
-16.10
-20.58
-17.30
-16.35
-18.60
-16.83
-17.52
-16.36
-18.15
-16.62
-16.12
-18.38
-16.39
-18.45
-17.49
-17.42
-16.25
-21.84
-18.49
-16.94
-16.48
-16.35
-17.41
-17.10
-20.56
-19.58
-16.97
-16.03
-18.60
-17.50
-16.06
-17.16
-19.50
-16.23
-16.57
-16.34
-16.26
-16.59
-16.43
-16.92
-16.28
-17.04
-16.55
-16.57
-16.01
-19.35
-18.03
-18.34
-16.32
-16.44
-16.29
-18.39
-17.86
-16.19
-16.09
-16.73
-19.32
-16.50
-16.87
-18.21
-18.47
-17.68
-18.74
-16.94
-17.20
-16.09
-16.14
-19.59
-16.27
-16.37
-18.98
-16.95
-18.07
-17.76
-16.49
-16.12
-18.24
-17.22
-16.57
-16.19
-16.70
-16.32
-16.90
-18.18
-16.84
-17.55
-17.29
-17.36
-16.17
-17.73
-16.93
-18.89
-17.91
-18.75
-16.94
-16.16
-17.18
-19.16
-18.50
-16.58
-17.07
-17.98
-18.11
-16.12
-16.87
-16.85
-17.45
-16.59
-17.98
-16.07
-16.80
-18.73
-17.93
-17.08
-16.39
-17.04
-16.87
-17.43
-16.85
-18.18
-16.85
-16.29
-17.90
-16.26
-17.27
-16.03
-16.64
-20.91
-19.12
-18.98
-16.04
-16.13
-16.50
-16.34
-16.24
-16.70
-17.58
-16.40
-16.43
-16.65
-16.50
-17.13
-16.65
-20.39
-16.71
-16.10
-16.87
-18.14
-17.28
-18.29
-20.52
-16.59
-16.53
-16.27
-17.51
-17.27
-16.69
-16.24
-20.41
-17.32
-16.96
-16.75
-16.89
-16.54
-17.81
-17.50
-17.49
-18.11
-17.66
-16.81
-18.82
-16.05
-17.35
-16.32
-16.27
-16.05
-19.10
-16.86
-16.22
-18.52
-16.01
-16.07
-18.73
-17.74
-16.31
-16.23
-16.48
-16.56
-16.91
-16.25
-17.86
-16.86
-17.74
-16.36
-17.18
-17.38
-18.89
-16.92
-17.29
-17.63
-16.34
-17.17
-16.24
-16.75
-16.16
-16.50
-16.81
-17.89
-18.20
-17.19
-19.16
-16.55
-19.22
-16.82
-18.87
-18.40
-17.00
-16.49
-17.34
-16.70
-17.49
-16.17
-17.26
-16.55
-18.66
-17.24
-17.62
-17.89
-18.20
-17.75
-16.47
-17.59
-16.68
-16.13
-16.41
-16.58
-16.70
-16.13
-17.40
-17.87
-19.87
-18.13
-18.39
-17.39
-16.64
-16.03
-16.00
-19.55
-16.56
-16.84
-16.59
-17.67
-19.71
-16.81
-17.22
-16.70
-16.70
-20.60
-17.07
-16.92
-17.16
-17.51
-17.66
-17.03
-18.70
-16.41
-16.73
-16.73
-16.60
-16.96
-17.52
-17.46
-16.42
-17.20
-17.92
-17.30
-16.29
-16.87
-16.64
-16.61
-16.77
-19.30
-18.98
-19.51
-17.00
-17.83
-19.97
-18.24
-16.48
-16.47
-19.58
-16.04
-17.58
-16.33
-18.43
-16.03
-16.02
-21.14
-18.29
-18.59
-19.47
-17.94
-16.10
-16.78
-17.47
-16.05
-16.30
-17.48
-17.26
-17.00
-17.09
-16.90
-18.16
-16.03
-19.47
-16.09
-16.75
-16.28
-16.04
-16.98
-18.71
-17.73
-17.09
-17.72
-16.47
-17.77
-16.52
-16.53
-17.24
-17.40
-16.71
-16.39
-16.27
-18.77
-18.38
-17.55
-16.23
-16.91
-16.52
-16.11
-17.81
-16.97
-16.19
-18.71
-17.32
-17.19
-19.14
-19.88
-17.91
-18.86
-16.07
-17.72
-16.41
-19.82
-17.03
-16.70
-16.30
-16.88
-16.48
-16.37
-18.19
-16.37
-17.42
-16.59
-17.12
-17.59
-16.87
-16.49
-18.27
-16.86
-16.61
-17.85
-16.17
-16.50
-17.22
-17.11
-16.82
-17.51
-17.83
-17.57
-17.72
-16.54
-17.00
-18.75
-18.98
-18.55
-16.64
-16.08
-16.23
-17.38
-18.21
-18.43
-16.82
-17.18
-16.57
-18.36
-18.08
-16.26
-18.37
-16.52
-17.52
-17.55
-17.48
-17.33
-16.53
-16.07
-19.22
-17.77
-16.97
-16.29
-17.82
-17.72
-16.27
-18.30
-18.43
-17.95
-19.02
-16.42
-19.05
-17.22
-18.71
-18.57
-16.12
-17.39
-18.95
-18.65
-16.87
-20.18
-20.27
-17.14
-18.51
-16.14
-16.04
-16.66
-18.68
-18.28
-18.03
-19.76
-18.68
-16.32
-16.60
-16.66
-19.49
-19.38
-17.13
-18.38
-17.33
-18.53
-18.37
-19.00
-18.89
-16.42
-16.80
-16.62
-18.13
-16.11
-20.99
-17.08
-17.62
-16.25
-19.64
-16.44
-16.56
-17.69
-16.05
-16.39
-19.17
-18.13
-17.47
-17.66
-17.47
-16.78
-16.90
-17.70
-17.44
-17.23
-16.65
-16.67
-16.63
-20.62
-16.34
-19.16
-16.73
-18.09
-17.95
-18.19
-16.72
-16.86
-17.87
-17.80
-17.22
-16.05
-19.06
-19.50
-17.80
-17.32
-19.18
-17.27
-17.19
-17.35
-18.13
-16.27
-16.41
-17.18
-16.61
-17.28
-17.46
-17.84
-16.23
-17.29
-18.58
-16.92
-19.19
-17.36
-16.65
-17.75
-16.91
-17.44
-16.83
-16.12
-16.51
-17.19
-18.37
-18.48
-16.12
-17.01
-19.44
-17.34
-19.32
-19.72
-16.35
-20.42
-19.32
-16.76
-18.63
-16.71
-20.01
-16.62
-17.01
-17.37
-17.85
-16.75
-18.31
-16.05
-18.41
-19.76
-19.05
-17.88
-16.78
-16.25
-16.48
-18.61
-16.97
-17.61
-18.33
-18.81
-17.11
-16.21
-16.08
-16.52
-18.25
-17.63
-17.81
-18.61
-16.80
-19.90
-17.30
-17.55
-20.02
-16.13
-17.17
-19.98
-16.84
-16.43
-17.61
-16.41
-17.95
-17.17
-18.50
-17.95
-16.24
-19.22
-16.17
-16.21
-19.58
-17.67
-18.42
-16.03
-18.18
-16.83
-17.30
-17.98
-17.87
-17.79
-16.34
-17.32
-16.33
-19.39
-17.51
-17.31
-16.06
-18.17
-18.20
-18.42
-17.14
-16.64
-16.15
-16.28
-16.56
-18.37
-18.76
-17.10
-16.01
-16.43
-16.83
-16.49
-16.63
-17.67
-16.33
-18.26
-18.48
-18.24
-20.87
-17.36
-16.15
-17.86
-19.00
-17.74
-16.68
-16.37
-16.66
-18.09
-17.70
-18.57
-16.92
-16.49
-18.74
-16.55
-16.91
-17.08
-16.75
-20.56
-16.72
-18.20
-19.53
-21.34
-18.02
-19.46
-16.45
-17.60
-19.02
-16.11
-20.97
-17.77
-16.54
-18.12
-16.83
-17.38
-20.67
-16.49
-18.33
-17.47
-16.11
-16.00
-16.87
-17.38
-18.84
-18.72
-16.29
-18.58
-17.41
-17.54
-18.75
-18.08
-17.39
-16.77
-18.48
-16.65
-16.85
-16.01
-16.15
-16.04
-16.21
-17.69
-19.33
-17.10
-16.33
-18.00
-16.01
-16.75
-19.62
-17.67
-16.88
-19.07
-16.26
-19.58
-17.45
-19.26
-16.40
-18.32
-16.15
-16.70
-16.97
-18.52
-16.99
-16.07
-18.68
-17.18
-17.04
-18.86
-16.32
-18.35
-16.26
-20.17
-20.15
-16.38
-18.76
-16.46
-18.97
-17.24
-18.84
-17.76
-17.67
-16.73
-16.82
-18.09
-16.19
-16.95
-18.76
-18.82
-17.20
-16.29
-18.36
-16.38
-18.13
-18.36
-17.31
-16.18
-17.19
-17.19
-16.38
-16.13
-16.90
-18.43
-16.03
-19.80
-17.22
-17.96
-16.78
-16.80
-16.09
-16.54
-20.09
-16.63
-16.19
-16.98
-19.66
-16.34
-16.93
-16.41
-17.46
-18.21
-19.22
-16.12
-16.18
-17.49
-16.90
-16.20
-17.09
-16.92
-16.20
-17.34
-16.11
-18.27
-16.77
-16.31
-16.11
-17.51
-18.72
-16.40
-16.98
-18.83
-16.09
-18.22
-20.73
-18.51
-18.14
-17.69
-19.41
-18.54
-16.37
-19.82
-17.13
-16.35
-19.25
-17.10
-17.89
-17.88
-18.13
-16.84
-16.51
-16.24
-17.16
-17.50
-17.09
-16.52
-17.16
-16.74
-19.43
-19.48
-18.13
-19.80
-16.17
-16.48
-16.42
-19.69
-17.69
-16.89
-19.90
-16.21
-17.19
-16.61
-17.96
-16.51
-18.44
-20.38
-18.59
-18.02
-18.57
-16.64
-16.38
-16.48
-17.29
-17.48
-16.78
-16.39
-19.79
-20.27
-16.26
-16.70
-16.31
-17.72
-16.22
-16.26
-16.12
-16.12
-20.94
-18.72
-16.31
-19.11
-16.09
-17.47
-16.20
-16.42
-16.86
-19.41
-16.23
-16.37
-19.89
-18.47
-17.23
-18.85
-16.09
-18.12
-16.78
-16.31
-16.66
-16.04
-19.12
-17.77
-17.51
-17.18
-19.99
-16.78
-17.03
-17.94
-17.49
-18.26
-16.29
-17.34
-16.85
-17.26
-17.29
-17.97
-17.16
-18.88
-19.31
-17.57
-18.60
-16.53
-21.57
-18.48
-16.18
-17.49
-16.11
-16.21
-16.16
-16.03
-17.18
-16.79
-17.90
-16.10
-16.85
-19.36
-17.27
-17.44
-17.98
-17.98
-16.63
-16.12
-16.43
-20.47
-16.93
-17.11
-19.81
-19.48
-18.15
-19.84
-17.52
-18.56
-17.06
-17.03
-16.35
-17.73
-17.21
-17.51
-18.11
-16.27
-17.51
-16.34
-16.59
-16.33
-16.66
-19.48
-18.11
-17.19
-16.43
-16.34
-18.73
-17.38
-17.44
-17.83
-18.87
-16.08
-18.75
-20.72
-18.43
-16.53
-16.53
-16.25
-16.29
-16.02
-16.46
-16.40
-17.15
-19.88
-19.67
-17.43
-20.04
-18.17
-17.03
-16.86
-16.20
-19.70
-17.81
-17.42
-16.47
-17.90
-16.91
-17.29
-16.11
-17.04
-16.04
-17.94
-16.05
-17.71
-16.96
-17.41
-16.14
-16.17
-17.37
-16.77
-18.69
-16.84
-16.03
-17.35
-17.06
-17.46
-16.13
-19.00
-18.96
-19.20
-17.37
-18.37
-16.52
-18.30
-19.38
-17.59
-19.70
-17.31
-17.90
-16.33
-18.69
-16.19
-17.42
-18.93
-16.65
-16.64
-16.29
-17.71
-17.28
-17.86
-17.43
-16.32
-16.85
-19.02
-17.76
-17.08
-16.43
-16.56
-16.56
-17.47
-16.10
-17.78
-16.93
-18.96
-16.99
-17.73
-18.80
-17.96
-17.75
-17.15
-16.60
-16.08
-16.97
-16.17
-19.15
-19.16
-17.10
-18.89
-16.20
-19.28
-16.54
-16.35
-20.54
-18.27
-16.08
-17.08
-16.01
-19.96
-16.49
-18.19
-19.43
-17.13
-16.66
-20.41
-18.04
-16.39
-16.29
-17.10
-17.61
-18.34
-16.03
-16.98
-16.99
-17.02
-17.08
-17.29
-16.30
-17.28
-19.30
-18.71
-19.51
-18.14
-16.07
-16.93
-16.25
-16.45
-18.98
-16.69
-16.92
-17.85
-17.86
-16.03
-16.40
-17.49
-16.51
-17.95
-17.28
-17.60
-18.50
-16.86
-16.19
-16.45
-16.81
-18.16
-16.01
-17.21
-17.42
-19.70
-16.40
-16.75
-16.99
-17.54
-17.18
-16.51
-18.00
-18.58
-18.19
-19.31
-17.20
-17.52
-16.37
-20.24
-16.63
-18.06
-20.42
-16.20
-16.19
-17.74
-18.41
-18.08
-16.51
-18.94
-16.95
-17.91
-20.21
-16.41
-18.21
-16.09
-17.40
-16.29
-18.68
-18.67
-16.20
-17.32
-17.23
-16.67
-16.32
-18.59
-16.58
-16.79
-21.38
-17.38
-17.10
-16.67
-16.76
-17.10
-17.02
-17.11
-17.87
-16.05
-16.40
-19.16
-18.49
-16.52
-16.18
-17.18
-19.27
-17.51
-18.84
-18.11
-16.68
-16.30
-16.41
-18.90
-16.56
-16.66
-17.71
-16.93
-16.79
-17.81
-16.68
-16.10
-17.89
-18.04
-17.43
-16.08
-17.18
-19.69
-16.13
-18.70
-17.20
-19.41
-17.72
-16.11
-17.27
-16.83
-16.35
-19.78
-16.40
-18.32
-16.24
-16.78
-19.86
-16.04
-16.61
-16.05
-18.47
-18.29
-16.39
-18.05
-17.64
-16.20
-17.78
-16.10
-17.33
-16.12
-16.80
-17.65
-19.37
-17.47
-16.77
-16.02
-17.18
-16.50
-16.45
-17.85
-16.65
-17.36
-16.57
-17.84
-19.51
-16.82
-17.26
-19.28
-16.08
-17.05
-18.41
-18.97
-17.39
-16.52
-17.01
-19.47
-17.24
-17.74
-18.35
-16.00
-16.18
-20.25
-16.95
-16.13
-16.13
-18.66
-18.80
-16.94
-18.39
-17.86
-18.45
-19.35
-16.16
-16.69
-19.62
-16.44
-16.73
-20.26
-17.85
-16.44
-18.13
-19.19
-16.13
-16.12
-18.49
-17.10
-17.64
-18.94
-16.88
-17.08
-16.81
-17.94
-18.51
-16.18
-16.51
-16.99
-18.88
-17.84
-16.76
-16.99
-17.64
-16.91
-17.12
-17.23
-16.72
-16.08
-17.95
-17.55
-17.05
-16.83
-16.78
-17.50
-16.98
-16.23
-16.69
-17.23
-17.29
-16.82
-17.79
-20.42
-17.02
-17.23
-16.76
-18.53
-16.05
-16.39
-17.34
-19.17
-17.04
-16.75
-16.61
-17.50
-16.65
-17.24
-18.51
-16.06
-18.22
-16.50
-16.03
-18.23
-16.04
-21.55
-16.09
-20.64
-17.11
-17.81
-20.00
-18.66
-17.96
-19.32
-19.63
-18.71
-16.29
-20.37
-16.49
-16.19
-18.27
-18.37
-16.91
-21.23
-20.82
-17.06
-17.41
-17.17
-16.04
-17.96
-16.06
-17.05
-17.31
-17.42
-16.45
-16.59
-16.95
-18.18
-19.61
-17.19
-19.20
-17.67
-16.34
-17.89
-16.74
-18.97
-19.26
-16.28
-18.16
-16.80
-16.08
-16.56
-17.02
-16.39
-18.13
-16.70
-17.80
-18.47
-17.12
-17.67
-16.36
-17.26
-16.08
-19.76
-16.40
-16.25
-18.71
-17.16
-17.04
-18.03
-16.69
-18.90
-18.50
-17.53
-16.79
-17.92
-18.85
-19.17
-18.11
-16.08
-16.23
-16.66
-19.43
-18.89
-19.86
-16.05
-18.36
-16.18
-16.78
-17.20
-17.25
-17.82
-16.25
-17.20
-19.73
-18.16
-16.50
-16.08
-19.00
-16.23
-16.98
-20.60
-17.33
-17.10
-17.02
-17.29
-16.98
-17.16
-18.54
-16.56
-17.99
-17.41
-17.56
-16.29
-17.67
-17.67
-17.98
-16.60
-16.19
-17.13
-16.61
-18.85
-17.46
-18.91
-17.02
-16.25
-21.12
-20.29
-18.26
-17.35
-16.32
-18.90
-16.03
-18.84
-20.18
-16.10
-19.68
-17.54
-16.12
-16.78
-19.46
-16.71
-16.30
-16.60
-16.49
-16.71
-16.18
-19.72
-16.12
-16.08
-16.45
-17.32
-16.26
-16.75
-16.57
-17.93
-16.87
-16.50
-16.22
-16.98
-16.52
-18.12
-19.34
-18.04
-16.53
-18.89
-16.47
-18.15
-17.17
-16.90
-16.07
-17.95
-16.97
-19.49
-20.18
-16.14
-17.06
-18.62
-17.40
-18.85
-17.64
-16.66
-16.17
-18.27
-17.19
-16.77
-17.21
-16.01
-17.77
-18.27
-20.12
-16.94
-16.84
-19.46
-17.02
-19.00
-17.23
-16.50
-18.48
-16.85
-18.78
-16.54
-17.61
-16.35
-19.84
-18.17
-16.87
-16.44
-17.40
-16.38
-18.26
-16.58
-17.47
-16.96
-17.05
-18.05
-18.33
-17.71
-17.19
-18.16
-18.29
-18.03
-18.78
-17.29
-17.99
-18.59
-17.26
-17.66
-18.85
-17.77
-16.19
-18.69
-18.08
-16.90
-17.41
-19.09
-17.07
-18.07
-17.68
-16.73
-18.04
-16.68
-16.24
-19.57
-19.91
-18.03
-17.53
-16.61
-20.36
-16.32
-19.44
-17.05
-16.24
-17.14
-17.64
-18.49
-16.14
-17.22
-17.49
-16.76
-16.73
-16.53
-18.39
-18.28
-16.36
-19.42
-17.70
-17.75
-18.55
-16.73
-17.40
-16.15
-17.95
-16.52
-17.12
-16.67
-19.43
-17.36
-16.35
-16.99
-19.84
-16.56
-17.25
-16.39
-16.35
-16.80
-19.82
-19.77
-16.10
-16.22
-16.39
-16.93
-16.80
-16.91
-17.89
-16.82
-16.02
-16.13
-16.54
-17.09
-18.39
-17.18
-16.84
-16.62
-18.53
-17.54
-17.36
-16.51
-16.80
-17.09
-20.52
-19.25
-17.07
-18.34
-18.12
-16.70
-19.69
-16.61
-17.21
-16.13
-17.68
-16.73
-16.64
-18.85
-18.45
-17.74
-19.25
-16.20
-17.75
-16.85
-17.74
-16.60
-16.68
-19.41
-16.89
-19.53
-16.17
-16.20
-17.00
-17.74
-18.71
-17.85
-18.20
-16.17
-16.55
-18.90
-17.12
-17.01
-16.91
-17.21
-19.31
-17.12
-16.20
-17.81
-17.49
-17.18
-18.72
-16.20
-19.40
-17.67
-16.69
-16.31
-16.98
-18.05
-17.78
-16.68
-16.67
-16.47
-19.19
-18.75
-17.03
-18.26
-17.02
-17.89
-17.48
-16.47
-17.78
-16.86
-16.22
-16.75
-17.12
-17.16
-17.55
-18.72
-16.55
-18.87
-18.79
-17.91
-18.41
-17.10
-17.19
-17.80
-16.10
-18.23
-16.41
-16.33
-16.32
-16.20
-17.10
-16.95
-16.16
-19.35
-17.38
-17.37
-16.21
-18.47
-17.02
-18.82
-16.28
-16.12
-16.15
-16.97
-18.99
-18.69
-18.07
-18.85
-16.53
-19.28
-17.27
-16.42
-20.54
-16.54
-16.00
-18.45
-17.31
-17.44
-17.32
-18.82
-16.81
-16.38
-16.19
-16.67
-17.11
-17.65
-16.20
-17.11
-17.38
-16.37
-17.32
-16.27
-16.11
-17.09
-16.76
-16.95
-17.64
-16.61
-17.32
-16.50
-17.41
-16.09
-20.05
-17.15
-16.10
-18.37
-17.76
-18.27
-17.96
-17.11
-19.40
-17.21
-21.57
-16.26
-17.08
-18.51
-18.33
-18.88
-16.62
-17.40
-16.67
-18.88
-19.16
-16.64
-17.09
-16.47
-18.19
-16.47
-18.85
-18.42
-16.86
-18.04
-16.72
-18.76
-17.70
-16.98
-16.69
-17.86
-18.39
-18.58
-17.00
-16.74
-17.22
-20.02
-18.02
-17.81
-17.43
-16.31
-19.80
-18.57
-18.58
-16.88
-17.68
-16.14
-17.65
-18.42
-19.86
-17.57
-16.88
-18.72
-16.14
-18.03
-17.77
-17.29
-17.51
-17.11
-17.76
-16.08
-17.11
-17.65
-16.76
-17.68
-16.15
-17.04
-16.38
-16.60
-16.48
-16.99
-17.08
-16.35
-20.01
-16.09
-18.53
-17.89
-17.12
-16.19
-16.78
-16.84
-16.15
-16.75
-17.22
-16.30
-16.47
-18.01
-17.36
-19.41
-18.66
-16.18
-16.03
-16.81
-17.18
-16.29
-17.73
-16.16
-18.14
-16.78
-17.08
-17.70
-16.83
-16.49
-18.01
-16.28
-17.54
-16.26
-16.38
-16.10
-18.26
-17.31
-17.69
-16.74
-16.30
-17.27
-16.23
-16.80
-17.32
-18.69
-16.75
-16.56
-20.15
-19.88
-16.26
-18.01
-17.02
-16.75
-18.50
-17.88
-16.32
-17.17
-16.39
-16.65
-17.37
-16.09
-16.39
-18.31
-17.94
-17.30
-19.68
-17.42
-16.25
-16.96
-17.92
-16.42
-17.35
-17.55
-16.12
-20.19
-16.46
-16.94
-17.26
-18.19
-16.69
-16.80
-16.03
-17.94
-19.25
-16.27
-18.39
-17.42
-17.13
-17.27
-17.71
-17.43
-16.29
-20.24
-17.43
-19.61
-19.18
-16.26
-19.66
-16.13
-16.97
-17.47
-18.65
-19.27
-16.07
-19.02
-16.82
-17.45
-18.40
-19.72
-16.65
-16.48
-16.33
-19.14
-16.97
-19.13
-17.07
-18.31
-17.72
-19.45
-18.24
-17.75
-18.78
-19.01
-17.29
-16.37
-18.21
-16.92
-17.40
-16.38
-19.98
-17.06
-16.24
-17.48
-19.41
-17.07
-18.19
-16.27
-17.76
-18.08
-19.30
-18.35
-17.97
-17.14
-16.80
-16.35
-16.69
-16.25
-16.13
-17.06
-16.27
-16.00
-17.90
-16.25
