  0.745045E-04  0.198960E+08  0.198960E+08  0.258234E+08  0.258223E+08  0.000000E+00  0.198960E+08  0.198960E+08  0.199036E+08 -0.473184E+00  0.105090E+08  0.105090E+08  0.419666E-01
  0.122837E-03  0.198937E+08  0.198937E+08  0.246496E+08  0.246468E+08  0.000000E+00  0.198937E+08  0.198937E+08  0.199009E+08 -0.473114E+00  0.105078E+08  0.105078E+08  0.690389E-01
  0.202524E-03  0.198874E+08  0.198874E+08  0.217013E+08  0.216944E+08  0.000000E+00  0.198874E+08  0.198874E+08  0.198938E+08 -0.472927E+00  0.105044E+08  0.105044E+08  0.113162E+00
  0.333906E-03  0.198709E+08  0.198709E+08  0.152508E+08  0.152356E+08  0.000000E+00  0.198709E+08  0.198709E+08  0.198754E+08 -0.472446E+00  0.104955E+08  0.104955E+08  0.183815E+00
  0.550518E-03  0.198289E+08  0.198289E+08  0.568975E+07  0.566173E+07  0.000000E+00  0.198289E+08  0.198289E+08  0.198306E+08 -0.471297E+00  0.104730E+08  0.104730E+08  0.292879E+00
  0.907651E-03  0.197305E+08  0.197304E+08  0.114708E+07  0.109621E+07  0.000000E+00  0.197305E+08  0.197305E+08  0.197308E+08 -0.468834E+00  0.104203E+08  0.104203E+08  0.453765E+00
  0.149646E-02  0.195214E+08  0.195211E+08  0.231661E+06  0.194225E+06  0.000000E+00  0.195214E+08  0.195214E+08  0.195214E+08 -0.463830E+00  0.103092E+08  0.103092E+08  0.688409E+00
  0.246725E-02  0.191108E+08  0.191101E+08 -0.754400E+05 -0.754686E+05  0.000000E+00  0.191107E+08  0.191107E+08  0.191107E+08 -0.454059E+00  0.100922E+08  0.100922E+08  0.102990E+01
  0.406781E-02  0.183627E+08  0.183609E+08 -0.266616E+05 -0.266717E+05  0.000000E+00  0.183624E+08  0.183624E+08  0.183624E+08 -0.436277E+00  0.969689E+07  0.969687E+07  0.152221E+01
  0.427637E-02  0.182629E+08  0.182609E+08 -0.239930E+05 -0.240021E+05  0.000000E+00  0.182626E+08  0.182626E+08  0.182626E+08 -0.433905E+00  0.964417E+07  0.964415E+07  0.158173E+01
  0.449563E-02  0.181578E+08  0.181556E+08 -0.215847E+05 -0.215928E+05  0.000000E+00  0.181575E+08  0.181575E+08  0.181575E+08 -0.431409E+00  0.958867E+07  0.958865E+07  0.164332E+01
  0.472612E-02  0.180473E+08  0.180449E+08 -0.194116E+05 -0.194189E+05  0.000000E+00  0.180470E+08  0.180470E+08  0.180469E+08 -0.428782E+00  0.953029E+07  0.953027E+07  0.170704E+01
  0.496843E-02  0.179312E+08  0.179285E+08 -0.174511E+05 -0.174577E+05  0.000000E+00  0.179308E+08  0.179308E+08  0.179308E+08 -0.426022E+00  0.946894E+07  0.946891E+07  0.177293E+01
  0.522317E-02  0.178092E+08  0.178063E+08 -0.156829E+05 -0.156888E+05  0.000000E+00  0.178088E+08  0.178088E+08  0.178088E+08 -0.423123E+00  0.940451E+07  0.940448E+07  0.184103E+01
  0.549097E-02  0.176813E+08  0.176781E+08 -0.140884E+05 -0.140937E+05  0.000000E+00  0.176808E+08  0.176808E+08  0.176808E+08 -0.420082E+00  0.933690E+07  0.933687E+07  0.191137E+01
  0.577250E-02  0.175471E+08  0.175436E+08 -0.126509E+05 -0.126557E+05  0.000000E+00  0.175466E+08  0.175466E+08  0.175465E+08 -0.416893E+00  0.926603E+07  0.926599E+07  0.198398E+01
  0.606846E-02  0.174066E+08  0.174027E+08 -0.113552E+05 -0.113595E+05  0.000000E+00  0.174060E+08  0.174060E+08  0.174060E+08 -0.413552E+00  0.919178E+07  0.919174E+07  0.205888E+01
  0.637960E-02  0.172594E+08  0.172552E+08 -0.101877E+05 -0.101916E+05  0.000000E+00  0.172588E+08  0.172588E+08  0.172588E+08 -0.410056E+00  0.911406E+07  0.911402E+07  0.213607E+01
  0.670669E-02  0.171056E+08  0.171009E+08 -0.913598E+04 -0.913943E+04  0.000000E+00  0.171049E+08  0.171049E+08  0.171049E+08 -0.406398E+00  0.903278E+07  0.903273E+07  0.221555E+01
  0.705054E-02  0.169448E+08  0.169397E+08 -0.818880E+04 -0.819190E+04  0.000000E+00  0.169440E+08  0.169440E+08  0.169440E+08 -0.402577E+00  0.894782E+07  0.894778E+07  0.229730E+01
  0.741203E-02  0.167769E+08  0.167713E+08 -0.733606E+04 -0.733883E+04  0.000000E+00  0.167760E+08  0.167760E+08  0.167760E+08 -0.398585E+00  0.885911E+07  0.885906E+07  0.238127E+01
  0.779206E-02  0.166017E+08  0.165955E+08 -0.656856E+04 -0.657105E+04  0.000000E+00  0.166007E+08  0.166007E+08  0.166007E+08 -0.394420E+00  0.876654E+07  0.876648E+07  0.246740E+01
  0.819156E-02  0.164190E+08  0.164122E+08 -0.587803E+04 -0.588025E+04  0.000000E+00  0.164179E+08  0.164179E+08  0.164179E+08 -0.390077E+00  0.867001E+07  0.866995E+07  0.255561E+01
  0.861155E-02  0.162286E+08  0.162212E+08 -0.525695E+04 -0.525894E+04  0.000000E+00  0.162275E+08  0.162275E+08  0.162275E+08 -0.385552E+00  0.856943E+07  0.856936E+07  0.264578E+01
  0.905308E-02  0.160304E+08  0.160223E+08 -0.469855E+04 -0.470033E+04  0.000000E+00  0.160292E+08  0.160292E+08  0.160292E+08 -0.380840E+00  0.846471E+07  0.846463E+07  0.273776E+01
  0.951724E-02  0.158242E+08  0.158153E+08 -0.419669E+04 -0.419828E+04  0.000000E+00  0.158228E+08  0.158228E+08  0.158228E+08 -0.375937E+00  0.835573E+07  0.835565E+07  0.283135E+01
  0.100052E-01  0.156097E+08  0.156001E+08 -0.374583E+04 -0.374725E+04  0.000000E+00  0.156082E+08  0.156082E+08  0.156082E+08 -0.370840E+00  0.824243E+07  0.824234E+07  0.292632E+01
  0.105182E-01  0.153869E+08  0.153764E+08 -0.334095E+04 -0.334221E+04  0.000000E+00  0.153853E+08  0.153853E+08  0.153853E+08 -0.365542E+00  0.812469E+07  0.812460E+07  0.302238E+01
  0.110575E-01  0.151556E+08  0.151441E+08 -0.297753E+04 -0.297866E+04  0.000000E+00  0.151538E+08  0.151538E+08  0.151538E+08 -0.360042E+00  0.800244E+07  0.800234E+07  0.311919E+01
  0.116244E-01  0.149155E+08  0.149030E+08 -0.265147E+04 -0.265248E+04  0.000000E+00  0.149136E+08  0.149136E+08  0.149136E+08 -0.354334E+00  0.787558E+07  0.787547E+07  0.321632E+01
  0.122204E-01  0.146666E+08  0.146529E+08 -0.235908E+04 -0.235997E+04  0.000000E+00  0.146645E+08  0.146645E+08  0.146645E+08 -0.348416E+00  0.774404E+07  0.774392E+07  0.331330E+01
  0.128469E-01  0.144087E+08  0.143938E+08 -0.209702E+04 -0.209781E+04  0.000000E+00  0.144064E+08  0.144064E+08  0.144063E+08 -0.342283E+00  0.760773E+07  0.760760E+07  0.340954E+01
  0.135056E-01  0.141416E+08  0.141255E+08 -0.186226E+04 -0.186297E+04  0.000000E+00  0.141391E+08  0.141391E+08  0.141391E+08 -0.335934E+00  0.746660E+07  0.746646E+07  0.350440E+01
  0.141981E-01  0.138653E+08  0.138478E+08 -0.165209E+04 -0.165272E+04  0.000000E+00  0.138626E+08  0.138626E+08  0.138626E+08 -0.329364E+00  0.732059E+07  0.732044E+07  0.359709E+01
  0.149260E-01  0.135797E+08  0.135608E+08 -0.146406E+04 -0.146461E+04  0.000000E+00  0.135768E+08  0.135768E+08  0.135768E+08 -0.322573E+00  0.716965E+07  0.716949E+07  0.368675E+01
  0.156913E-01  0.132848E+08  0.132643E+08 -0.129594E+04 -0.129643E+04  0.000000E+00  0.132816E+08  0.132816E+08  0.132816E+08 -0.315560E+00  0.701378E+07  0.701360E+07  0.377239E+01
  0.164958E-01  0.129805E+08  0.129584E+08 -0.114573E+04 -0.114616E+04  0.000000E+00  0.129771E+08  0.129771E+08  0.129771E+08 -0.308324E+00  0.685296E+07  0.685277E+07  0.385288E+01
  0.173415E-01  0.126669E+08  0.126431E+08 -0.101163E+04 -0.101201E+04  0.000000E+00  0.126632E+08  0.126632E+08  0.126632E+08 -0.300868E+00  0.668723E+07  0.668703E+07  0.392699E+01
  0.182307E-01  0.123442E+08  0.123186E+08 -0.892017E+03 -0.892355E+03  0.000000E+00  0.123402E+08  0.123402E+08  0.123402E+08 -0.293194E+00  0.651667E+07  0.651645E+07  0.399333E+01
  0.191654E-01  0.120126E+08  0.119851E+08 -0.785424E+03 -0.785721E+03  0.000000E+00  0.120083E+08  0.120083E+08  0.120083E+08 -0.285308E+00  0.634139E+07  0.634115E+07  0.405039E+01
  0.201480E-01  0.116723E+08  0.116430E+08 -0.690530E+03 -0.690791E+03  0.000000E+00  0.116678E+08  0.116678E+08  0.116678E+08 -0.277217E+00  0.616155E+07  0.616131E+07  0.409654E+01
  0.211810E-01  0.113239E+08  0.112926E+08 -0.606146E+03 -0.606375E+03  0.000000E+00  0.113190E+08  0.113190E+08  0.113190E+08 -0.268931E+00  0.597740E+07  0.597714E+07  0.413000E+01
  0.222670E-01  0.109679E+08  0.109347E+08 -0.531202E+03 -0.531403E+03  0.000000E+00  0.109627E+08  0.109627E+08  0.109627E+08 -0.260466E+00  0.578924E+07  0.578897E+07  0.414892E+01
  0.234086E-01  0.106050E+08  0.105699E+08 -0.464731E+03 -0.464907E+03  0.000000E+00  0.105996E+08  0.105996E+08  0.105996E+08 -0.251837E+00  0.559747E+07  0.559718E+07  0.415139E+01
  0.246088E-01  0.102362E+08  0.101992E+08 -0.405867E+03 -0.406021E+03  0.000000E+00  0.102305E+08  0.102305E+08  0.102305E+08 -0.243068E+00  0.540257E+07  0.540226E+07  0.413543E+01
  0.258705E-01  0.986267E+07  0.982382E+07 -0.353826E+03 -0.353960E+03  0.000000E+00  0.985665E+07  0.985665E+07  0.985665E+07 -0.234186E+00  0.520515E+07  0.520483E+07  0.409910E+01
  0.271970E-01  0.948567E+07  0.944512E+07 -0.307903E+03 -0.308020E+03  0.000000E+00  0.947939E+07  0.947939E+07  0.947939E+07 -0.225223E+00  0.500593E+07  0.500560E+07  0.404055E+01
  0.285914E-01  0.910685E+07  0.906477E+07 -0.267464E+03 -0.267565E+03  0.000000E+00  0.910032E+07  0.910032E+07  0.910032E+07 -0.216216E+00  0.480575E+07  0.480541E+07  0.395809E+01
  0.300573E-01  0.872804E+07  0.868465E+07 -0.231933E+03 -0.232021E+03  0.000000E+00  0.872131E+07  0.872131E+07  0.872131E+07 -0.207211E+00  0.460561E+07  0.460526E+07  0.385031E+01
  0.315983E-01  0.835135E+07  0.830692E+07 -0.200795E+03 -0.200871E+03  0.000000E+00  0.834446E+07  0.834446E+07  0.834446E+07 -0.198258E+00  0.440660E+07  0.440625E+07  0.371616E+01
  0.332184E-01  0.797910E+07  0.793397E+07 -0.173581E+03 -0.173646E+03  0.000000E+00  0.797211E+07  0.797211E+07  0.797211E+07 -0.189411E+00  0.420997E+07  0.420961E+07  0.355514E+01
  0.349216E-01  0.765702E+07  0.761156E+07 -0.150716E+03 -0.150773E+03  0.000000E+00  0.764997E+07  0.764997E+07  0.764997E+07 -0.181757E+00  0.403985E+07  0.403950E+07  0.336889E+01
  0.367120E-01  0.730336E+07  0.725802E+07 -0.130070E+03 -0.130119E+03  0.000000E+00  0.729633E+07  0.729633E+07  0.729633E+07 -0.173355E+00  0.385310E+07  0.385275E+07  0.315569E+01
  0.385943E-01  0.696025E+07  0.691552E+07 -0.112160E+03 -0.112202E+03  0.000000E+00  0.695331E+07  0.695331E+07  0.695331E+07 -0.165205E+00  0.367196E+07  0.367162E+07  0.291892E+01
  0.405731E-01  0.663079E+07  0.658719E+07 -0.966803E+02 -0.967169E+02  0.000000E+00  0.662403E+07  0.662403E+07  0.662403E+07 -0.157382E+00  0.349807E+07  0.349774E+07  0.266157E+01
  0.426533E-01  0.631860E+07  0.627668E+07 -0.833603E+02 -0.833919E+02  0.000000E+00  0.631210E+07  0.631210E+07  0.631210E+07 -0.149970E+00  0.333334E+07  0.333304E+07  0.238775E+01
  0.448402E-01  0.599763E+07  0.595791E+07 -0.715959E+02 -0.716229E+02  0.000000E+00  0.599147E+07  0.599147E+07  0.599147E+07 -0.142352E+00  0.316402E+07  0.316374E+07  0.210226E+01
  0.471392E-01  0.572408E+07  0.568706E+07 -0.618290E+02 -0.618524E+02  0.000000E+00  0.571834E+07  0.571834E+07  0.571834E+07 -0.135863E+00  0.301978E+07  0.301953E+07  0.181298E+01
  0.495561E-01  0.547062E+07  0.543672E+07 -0.534697E+02 -0.534899E+02  0.000000E+00  0.546536E+07  0.546536E+07  0.546536E+07 -0.129853E+00  0.288618E+07  0.288596E+07  0.152716E+01
  0.520969E-01  0.523563E+07  0.520516E+07 -0.463054E+02 -0.463229E+02  0.000000E+00  0.523091E+07  0.523091E+07  0.523091E+07 -0.124282E+00  0.276237E+07  0.276217E+07  0.125333E+01
  0.547679E-01  0.503181E+07  0.500493E+07 -0.402701E+02 -0.402854E+02  0.000000E+00  0.502764E+07  0.502764E+07  0.502764E+07 -0.119453E+00  0.265502E+07  0.265486E+07  0.100065E+01
  0.575759E-01  0.482740E+07  0.480409E+07 -0.349600E+02 -0.349732E+02  0.000000E+00  0.482379E+07  0.482379E+07  0.482379E+07 -0.114609E+00  0.254737E+07  0.254723E+07  0.777002E+00
  0.605279E-01  0.463466E+07  0.461470E+07 -0.303721E+02 -0.303836E+02  0.000000E+00  0.463156E+07  0.463156E+07  0.463156E+07 -0.110042E+00  0.244585E+07  0.244575E+07  0.590016E+00
  0.646671E-01  0.437803E+07  0.436181E+07 -0.251371E+02 -0.251466E+02  0.000000E+00  0.437551E+07  0.437551E+07  0.437551E+07 -0.103959E+00  0.231063E+07  0.231055E+07  0.407659E+00
  0.688062E-01  0.414491E+07  0.413114E+07 -0.210226E+02 -0.210305E+02  0.000000E+00  0.414277E+07  0.414277E+07  0.414277E+07 -0.984290E-01  0.218773E+07  0.218766E+07  0.308033E+00
  0.729453E-01  0.391775E+07  0.390515E+07 -0.176797E+02 -0.176864E+02  0.000000E+00  0.391580E+07  0.391580E+07  0.391580E+07 -0.930362E-01  0.206786E+07  0.206780E+07  0.273403E+00
  0.770845E-01  0.369746E+07  0.368493E+07 -0.149415E+02 -0.149471E+02  0.000000E+00  0.369552E+07  0.369552E+07  0.369552E+07 -0.878026E-01  0.195154E+07  0.195148E+07  0.283282E+00
  0.812236E-01  0.347305E+07  0.345982E+07 -0.126400E+02 -0.126448E+02  0.000000E+00  0.347100E+07  0.347100E+07  0.347100E+07 -0.824682E-01  0.183298E+07  0.183290E+07  0.316825E+00
  0.853628E-01  0.325397E+07  0.323966E+07 -0.107213E+02 -0.107253E+02  0.000000E+00  0.325175E+07  0.325175E+07  0.325175E+07 -0.772590E-01  0.171720E+07  0.171711E+07  0.356004E+00
  0.895019E-01  0.304649E+07  0.303108E+07 -0.912992E+01 -0.913337E+01  0.000000E+00  0.304410E+07  0.304410E+07  0.304410E+07 -0.723253E-01  0.160754E+07  0.160744E+07  0.386999E+00
  0.936411E-01  0.285652E+07  0.284032E+07 -0.781993E+01 -0.782289E+01  0.000000E+00  0.285401E+07  0.285401E+07  0.285401E+07 -0.678090E-01  0.150716E+07  0.150705E+07  0.401164E+00
  0.977802E-01  0.268818E+07  0.267170E+07 -0.674882E+01 -0.675138E+01  0.000000E+00  0.268563E+07  0.268563E+07  0.268563E+07 -0.638084E-01  0.141824E+07  0.141813E+07  0.395024E+00
  0.101919E+00  0.254315E+07  0.252698E+07 -0.587646E+01 -0.587868E+01  0.000000E+00  0.254064E+07  0.254064E+07  0.254064E+07 -0.603636E-01  0.134168E+07  0.134157E+07  0.369537E+00
  0.106058E+00  0.242073E+07  0.240545E+07 -0.516552E+01 -0.516748E+01  0.000000E+00  0.241836E+07  0.241836E+07  0.241836E+07 -0.574583E-01  0.127710E+07  0.127700E+07  0.328918E+00
  0.110198E+00  0.231834E+07  0.230439E+07 -0.458254E+01 -0.458428E+01  0.000000E+00  0.231617E+07  0.231617E+07  0.231617E+07 -0.550304E-01  0.122314E+07  0.122305E+07  0.279264E+00
  0.114337E+00  0.223209E+07  0.221974E+07 -0.409866E+01 -0.410021E+01  0.000000E+00  0.223018E+07  0.223018E+07  0.223018E+07 -0.529872E-01  0.117772E+07  0.117765E+07  0.227207E+00
  0.118476E+00  0.215742E+07  0.214671E+07 -0.368984E+01 -0.369124E+01  0.000000E+00  0.215576E+07  0.215576E+07  0.215576E+07 -0.512192E-01  0.113843E+07  0.113836E+07  0.178776E+00
  0.122615E+00  0.208957E+07  0.208036E+07 -0.333682E+01 -0.333809E+01  0.000000E+00  0.208814E+07  0.208814E+07  0.208814E+07 -0.496126E-01  0.110271E+07  0.110266E+07  0.138565E+00
  0.126754E+00  0.202420E+07  0.201619E+07 -0.302495E+01 -0.302610E+01  0.000000E+00  0.202296E+07  0.202296E+07  0.202296E+07 -0.480639E-01  0.106829E+07  0.106825E+07  0.109279E+00
  0.130893E+00  0.195803E+07  0.195082E+07 -0.274403E+01 -0.274507E+01  0.000000E+00  0.195691E+07  0.195691E+07  0.195691E+07 -0.464946E-01  0.103341E+07  0.103337E+07  0.916404E-01
  0.135032E+00  0.188921E+07  0.188241E+07 -0.248780E+01 -0.248874E+01  0.000000E+00  0.188816E+07  0.188816E+07  0.188816E+07 -0.448612E-01  0.997105E+06  0.997071E+06  0.846274E-01
  0.139172E+00  0.181743E+07  0.181067E+07 -0.225300E+01 -0.225385E+01  0.000000E+00  0.181638E+07  0.181638E+07  0.181638E+07 -0.431558E-01  0.959201E+06  0.959165E+06  0.859296E-01
  0.143311E+00  0.174352E+07  0.173653E+07 -0.203825E+01 -0.203902E+01  0.000000E+00  0.174244E+07  0.174244E+07  0.174244E+07 -0.413989E-01  0.920152E+06  0.920113E+06  0.925216E-01
  0.147450E+00  0.166916E+07  0.166179E+07 -0.184322E+01 -0.184391E+01  0.000000E+00  0.166802E+07  0.166802E+07  0.166802E+07 -0.396309E-01  0.880856E+06  0.880811E+06  0.101233E+00
  0.151589E+00  0.159657E+07  0.158879E+07 -0.166799E+01 -0.166862E+01  0.000000E+00  0.159536E+07  0.159536E+07  0.159536E+07 -0.379046E-01  0.842488E+06  0.842439E+06  0.109236E+00
  0.155728E+00  0.152810E+07  0.151999E+07 -0.151264E+01 -0.151321E+01  0.000000E+00  0.152685E+07  0.152685E+07  0.152685E+07 -0.362766E-01  0.806306E+06  0.806252E+06  0.114395E+00
  0.159867E+00  0.146576E+07  0.145749E+07 -0.137670E+01 -0.137722E+01  0.000000E+00  0.146448E+07  0.146448E+07  0.146448E+07 -0.347948E-01  0.773369E+06  0.773314E+06  0.115465E+00
  0.164006E+00  0.141066E+07  0.140244E+07 -0.125889E+01 -0.125936E+01  0.000000E+00  0.140939E+07  0.140939E+07  0.140939E+07 -0.334859E-01  0.744278E+06  0.744223E+06  0.112117E+00
  0.168146E+00  0.136290E+07  0.135494E+07 -0.115712E+01 -0.115756E+01  0.000000E+00  0.136167E+07  0.136167E+07  0.136167E+07 -0.323521E-01  0.719077E+06  0.719024E+06  0.104831E+00
  0.172285E+00  0.132173E+07  0.131422E+07 -0.106892E+01 -0.106932E+01  0.000000E+00  0.132057E+07  0.132057E+07  0.132057E+07 -0.313756E-01  0.697373E+06  0.697324E+06  0.946682E-01
  0.176424E+00  0.128597E+07  0.127901E+07 -0.991798E+00 -0.992173E+00  0.000000E+00  0.128489E+07  0.128489E+07  0.128489E+07 -0.305279E-01  0.678530E+06  0.678486E+06  0.829990E-01
  0.180563E+00  0.125419E+07  0.124785E+07 -0.923496E+00 -0.923845E+00  0.000000E+00  0.125321E+07  0.125321E+07  0.125321E+07 -0.297753E-01  0.661802E+06  0.661763E+06  0.712395E-01
  0.184702E+00  0.122490E+07  0.121915E+07 -0.861992E+00 -0.862319E+00  0.000000E+00  0.122400E+07  0.122400E+07  0.122400E+07 -0.290814E-01  0.646378E+06  0.646344E+06  0.606268E-01
  0.188841E+00  0.119655E+07  0.119131E+07 -0.805567E+00 -0.805872E+00  0.000000E+00  0.119573E+07  0.119573E+07  0.119573E+07 -0.284097E-01  0.631448E+06  0.631419E+06  0.520629E-01
  0.192980E+00  0.116786E+07  0.116301E+07 -0.752911E+00 -0.753196E+00  0.000000E+00  0.116711E+07  0.116711E+07  0.116711E+07 -0.277296E-01  0.616332E+06  0.616305E+06  0.460297E-01
  0.197120E+00  0.113805E+07  0.113344E+07 -0.703213E+00 -0.703479E+00  0.000000E+00  0.113734E+07  0.113734E+07  0.113734E+07 -0.270222E-01  0.600608E+06  0.600583E+06  0.425802E-01
  0.201259E+00  0.110689E+07  0.110238E+07 -0.656113E+00 -0.656361E+00  0.000000E+00  0.110619E+07  0.110619E+07  0.110619E+07 -0.262822E-01  0.584161E+06  0.584136E+06  0.413967E-01
  0.205398E+00  0.107463E+07  0.107012E+07 -0.611568E+00 -0.611799E+00  0.000000E+00  0.107393E+07  0.107393E+07  0.107393E+07 -0.255157E-01  0.567125E+06  0.567100E+06  0.418982E-01
  0.209537E+00  0.104181E+07  0.103721E+07 -0.569683E+00 -0.569899E+00  0.000000E+00  0.104110E+07  0.104110E+07  0.104110E+07 -0.247357E-01  0.549788E+06  0.549761E+06  0.433703E-01
  0.213676E+00  0.100916E+07  0.100444E+07 -0.530640E+00 -0.530841E+00  0.000000E+00  0.100843E+07  0.100843E+07  0.100843E+07 -0.239595E-01  0.532537E+06  0.532508E+06  0.450921E-01
  0.217815E+00  0.977522E+06  0.972693E+06 -0.494636E+00 -0.494823E+00  0.000000E+00  0.976773E+06  0.976773E+06  0.976773E+06 -0.232073E-01  0.515819E+06  0.515789E+06  0.464427E-01
  0.231012E+00  0.891310E+06  0.886513E+06 -0.400931E+00 -0.401082E+00  0.000000E+00  0.890566E+06  0.890566E+06  0.890566E+06 -0.211591E-01  0.470295E+06  0.470264E+06  0.444533E-01
  0.245009E+00  0.825934E+06  0.821841E+06 -0.330306E+00 -0.330431E+00  0.000000E+00  0.825300E+06  0.825300E+06  0.825300E+06 -0.196085E-01  0.435828E+06  0.435803E+06  0.338795E-01
  0.259854E+00  0.768543E+06  0.765146E+06 -0.273260E+00 -0.273363E+00  0.000000E+00  0.768016E+06  0.768016E+06  0.768016E+06 -0.182475E-01  0.405577E+06  0.405558E+06  0.251125E-01
  0.275598E+00  0.704770E+06  0.701513E+06 -0.222767E+00 -0.222851E+00  0.000000E+00  0.704265E+06  0.704265E+06  0.704265E+06 -0.167328E-01  0.371912E+06  0.371892E+06  0.236653E-01
  0.292295E+00  0.641452E+06  0.638207E+06 -0.180239E+00 -0.180307E+00  0.000000E+00  0.640949E+06  0.640949E+06  0.640949E+06 -0.152284E-01  0.338476E+06  0.338455E+06  0.231380E-01
  0.310005E+00  0.590279E+06  0.587398E+06 -0.147455E+00 -0.147510E+00  0.000000E+00  0.589832E+06  0.589832E+06  0.589832E+06 -0.140139E-01  0.311482E+06  0.311464E+06  0.188154E-01
  0.328788E+00  0.544893E+06  0.542386E+06 -0.121014E+00 -0.121060E+00  0.000000E+00  0.544505E+06  0.544505E+06  0.544505E+06 -0.129370E-01  0.287544E+06  0.287530E+06  0.150528E-01
  0.348708E+00  0.497650E+06  0.495251E+06 -0.982520E-01 -0.982892E-01  0.000000E+00  0.497278E+06  0.497278E+06  0.497278E+06 -0.118149E-01  0.262605E+06  0.262590E+06  0.139858E-01
  0.369836E+00  0.455044E+06  0.452821E+06 -0.798681E-01 -0.798984E-01  0.000000E+00  0.454699E+06  0.454699E+06  0.454699E+06 -0.108033E-01  0.240120E+06  0.240106E+06  0.122254E-01
  0.392243E+00  0.418187E+06  0.416218E+06 -0.652541E-01 -0.652787E-01  0.000000E+00  0.417882E+06  0.417882E+06  0.417882E+06 -0.992854E-02  0.220677E+06  0.220665E+06  0.100235E-01
  0.416009E+00  0.382062E+06  0.380226E+06 -0.529995E-01 -0.530195E-01  0.000000E+00  0.381777E+06  0.381777E+06  0.381777E+06 -0.907071E-02  0.201611E+06  0.201599E+06  0.893212E-02
  0.441214E+00  0.349292E+06  0.347612E+06 -0.430758E-01 -0.430921E-01  0.000000E+00  0.349032E+06  0.349032E+06  0.349032E+06 -0.829271E-02  0.184318E+06  0.184308E+06  0.768209E-02
  0.467946E+00  0.319668E+06  0.318148E+06 -0.350472E-01 -0.350605E-01  0.000000E+00  0.319433E+06  0.319433E+06  0.319433E+06 -0.758946E-02  0.168688E+06  0.168678E+06  0.653227E-02
  0.496298E+00  0.291753E+06  0.290350E+06 -0.284362E-01 -0.284470E-01  0.000000E+00  0.291535E+06  0.291535E+06  0.291535E+06 -0.692664E-02  0.153955E+06  0.153947E+06  0.570610E-02
  0.526368E+00  0.266581E+06  0.265309E+06 -0.230991E-01 -0.231078E-01  0.000000E+00  0.266384E+06  0.266384E+06  0.266384E+06 -0.632906E-02  0.140673E+06  0.140665E+06  0.486106E-02
  0.558260E+00  0.243211E+06  0.242046E+06 -0.187350E-01 -0.187421E-01  0.000000E+00  0.243030E+06  0.243030E+06  0.243030E+06 -0.577420E-02  0.128340E+06  0.128333E+06  0.420812E-02
  0.592083E+00  0.221906E+06  0.220845E+06 -0.151966E-01 -0.152024E-01  0.000000E+00  0.221741E+06  0.221741E+06  0.221741E+06 -0.526839E-02  0.117098E+06  0.117092E+06  0.360519E-02
  0.627957E+00  0.202297E+06  0.201329E+06 -0.123161E-01 -0.123208E-01  0.000000E+00  0.202147E+06  0.202147E+06  0.202147E+06 -0.480285E-02  0.106751E+06  0.106745E+06  0.310545E-02
  0.666003E+00  0.184374E+06  0.183493E+06 -0.997911E-02 -0.998288E-02  0.000000E+00  0.184238E+06  0.184238E+06  0.184238E+06 -0.437734E-02  0.972930E+05  0.972877E+05  0.266452E-02
  0.929482E+00  0.108042E+06  0.107525E+06 -0.300230E-02 -0.300343E-02  0.000000E+00  0.107962E+06  0.107962E+06  0.107962E+06 -0.256508E-02  0.570129E+05  0.570098E+05  0.111905E-02
  0.129720E+01  0.625237E+05  0.622250E+05 -0.892025E-03 -0.892363E-03  0.000000E+00  0.624774E+05  0.624774E+05  0.624774E+05 -0.148441E-02  0.329934E+05  0.329915E+05  0.464639E-03
  0.181038E+01  0.357945E+05  0.356236E+05 -0.262192E-03 -0.262291E-03  0.000000E+00  0.357680E+05  0.357680E+05  0.357680E+05 -0.849820E-03  0.188885E+05  0.188875E+05  0.191334E-03
  0.252660E+01  0.203036E+05  0.202066E+05 -0.763565E-04 -0.763854E-04  0.000000E+00  0.202885E+05  0.202885E+05  0.202885E+05 -0.482040E-03  0.107141E+05  0.107135E+05  0.784167E-04
